966
521
2.4598944187164307
988
522
0.2991325855255127
988
510
0.21927428245544434
970
509
0.20860767364501953
957
516
0.20447492599487305
963
525
0.20498037338256836
982
530
0.1904294490814209
993
521
0.2216033935546875
989
510
0.18260550498962402
973
512
0.18090581893920898
961
515
0.1690967082977295
955
524
0.1992325782775879
979
531
0.20743966102600098
987
529
0.19049072265625
992
516
0.18883943557739258
988
511
0.1720736026763916
974
513
0.17038440704345703
964
519
0.168532133102417
943
533
0.21698331832885742
941
529
0.174363374710083
933
520
0.19202423095703125
940
509
0.20201683044433594
949
503
0.1709277629852295
963
499
0.20293045043945312
979
501
0.1956641674041748
983
501
0.18849611282348633
980
497
0.1709456443786621
969
497
0.19461369514465332
961
497
0.1784827709197998
953
505
0.19009613990783691
958
515
0.20878291130065918
980
519
0.18005824089050293
998
520
0.364269495010376
957
527
0.40745019912719727
932
521
0.42561960220336914
943
502
0.39452648162841797
955
512
0.6230640411376953
978
509
0.600496768951416
962
517
0.6304481029510498
987
517
0.613905668258667
979
499
0.6194577217102051
946
518
0.5894606113433838
984
522
0.6239967346191406
988
506
0.5233979225158691
955
518
0.4650733470916748
974
527
0.3786196708679199
996
517
0.30640578269958496
985
503
0.30955982208251953
961
514
0.3476145267486572
960
526
0.305525541305542
991
523
0.2879812717437744
988
508
0.33973050117492676
961
516
0.3290712833404541
964
523
0.323012113571167
987
521
0.28604912757873535
988
507
0.2772238254547119
970
506
0.29316234588623047
951
518
0.28055620193481445
965
523
0.32901954650878906
982
520
0.27219557762145996
985
512
0.2785024642944336
967
507
0.3150773048400879
950
518
0.29375147819519043
966
525
0.34002208709716797
986
520
0.2566831111907959
991
509
0.2903749942779541
983
504
0.2504863739013672
947
514
0.37071919441223145
949
524
0.3224024772644043
977
527
0.3050076961517334
993
520
0.2661135196685791
993
512
0.28402137756347656
975
509
0.27211904525756836
958
518
0.3315243721008301
958
523
0.28749513626098633
964
523
0.3138747215270996
979
519
0.2798495292663574
982
517
0.32218241691589355
978
518
0.27083921432495117
963
524
0.31297755241394043
959
529
0.25105762481689453
