933
520
0.305525541305542
933
520
0.20447492599487305
988
507
0.2566831111907959
984
522
0.20201683044433594
961
497
0.40745019912719727
987
521
0.20860767364501953
993
521
0.20860767364501953
961
514
0.1992325782775879
958
515
0.1784827709197998
979
531
0.168532133102417
961
515
0.3290712833404541
963
525
0.6194577217102051
987
529
0.20201683044433594
988
522
0.2785024642944336
966
525
0.28749513626098633
979
519
0.32218241691589355
970
509
0.6230640411376953
951
518
0.168532133102417
961
515
0.1690967082977295
970
506
0.6230640411376953
993
512
0.2566831111907959
957
527
0.1709277629852295
983
501
0.3476145267486572
961
497
0.2991325855255127
988
508
0.305525541305542
982
530
0.3315243721008301
989
510
0.18883943557739258
955
512
0.1690967082977295
988
508
0.613905668258667
987
517
0.5894606113433838
958
515
0.2991325855255127
932
521
0.6239967346191406
987
517
0.29375147819519043
986
520
0.21698331832885742
957
516
0.20878291130065918
933
520
0.28749513626098633
961
515
0.19049072265625
983
501
0.28604912757873535
992
516
0.33973050117492676
961
514
0.3290712833404541
966
521
0.1709277629852295
960
526
0.20447492599487305
933
520
0.29375147819519043
993
521
0.30640578269958496
955
524
0.2903749942779541
967
507
0.174363374710083
963
525
0.27211904525756836
955
524
0.29316234588623047
947
514
0.20293045043945312
979
519
0.2879812717437744
979
531
0.1784827709197998
985
512
0.1956641674041748
978
518
0.19202423095703125
982
520
0.28749513626098633
960
526
0.3290712833404541
988
511
0.1904294490814209
961
497
0.19009613990783691
991
523
0.613905668258667
955
512
0.30640578269958496
985
503
0.18090581893920898
980
519
0.1690967082977295
953
505
0.4650733470916748
987
521
0.28055620193481445
965
523
0.30955982208251953
957
527
0.21927428245544434
959
529
0.19461369514465332
970
506
0.33973050117492676
993
512
0.27211904525756836
964
519
0.3150773048400879
992
516
0.29375147819519043
987
521
0.19202423095703125
973
512
0.2991325855255127
961
497
0.3138747215270996
987
517
0.28402137756347656
980
519
0.20293045043945312
961
516
0.3138747215270996
988
507
0.1720736026763916
961
516
0.6230640411376953
989
510
0.20860767364501953
958
518
0.5233979225158691
989
510
0.19049072265625
943
533
0.2661135196685791
987
517
0.3224024772644043
993
512
0.20743966102600098
965
523
2.4598944187164307
988
522
0.19009613990783691
978
509
0.3224024772644043
963
524
0.3290712833404541
949
503
0.18005824089050293
964
523
0.1904294490814209
955
524
0.2661135196685791
933
520
0.20201683044433594
961
515
0.2798495292663574
964
519
0.6304481029510498
993
512
0.1956641674041748
963
525
0.20447492599487305
988
508
2.4598944187164307
953
505
0.5233979225158691
949
503
0.613905668258667
989
510
0.25105762481689453
991
523
0.18260550498962402
978
509
0.600496768951416
960
526
0.2991325855255127
983
501
0.28055620193481445
978
518
0.3315243721008301
949
503
0.1784827709197998
949
524
0.28402137756347656
996
517
0.18260550498962402
946
518
0.28055620193481445
961
514
0.1956641674041748
963
525
0.3138747215270996
979
531
0.28604912757873535
957
516
0.3150773048400879
992
516
0.364269495010376
958
518
0.20498037338256836
955
524
0.29375147819519043
987
521
0.6304481029510498
988
510
0.31297755241394043
988
507
0.2216033935546875
979
499
0.6194577217102051
991
509
0.364269495010376
958
515
0.20860767364501953
953
505
0.30955982208251953
966
525
0.600496768951416
933
520
0.30955982208251953
985
512
0.1784827709197998
979
499
0.29375147819519043
974
513
0.1904294490814209
964
519
0.3050076961517334
932
521
0.3476145267486572
959
529
2.4598944187164307
988
522
0.30640578269958496
966
525
0.29316234588623047
961
497
0.20743966102600098
963
499
0.364269495010376
966
525
0.30640578269958496
979
501
0.1904294490814209
987
517
0.19202423095703125
963
524
0.32218241691589355
988
508
0.5894606113433838
970
509
0.4650733470916748
964
523
0.2772238254547119
949
503
0.2903749942779541
984
522
0.20743966102600098
985
503
0.1709456443786621
977
527
0.20743966102600098
963
524
0.5233979225158691
986
520
0.21698331832885742
943
533
0.30640578269958496
993
521
0.20878291130065918
963
525
0.3315243721008301
940
509
0.3315243721008301
960
526
0.1720736026763916
992
516
0.39452648162841797
988
511
0.2903749942779541
978
509
0.18090581893920898
988
507
0.2216033935546875
974
527
0.18090581893920898
983
501
0.40745019912719727
943
533
0.29375147819519043
957
527
0.33973050117492676
961
497
0.613905668258667
962
517
0.1956641674041748
974
513
0.1904294490814209
985
512
0.2504863739013672
988
522
0.2798495292663574
965
523
0.3050076961517334
970
509
0.2216033935546875
984
522
0.19049072265625
940
509
0.1956641674041748
988
510
0.2504863739013672
941
529
0.3476145267486572
960
526
0.27219557762145996
991
523
0.1784827709197998
951
518
0.1992325782775879
964
519
0.1992325782775879
988
507
0.3290712833404541
932
521
0.2504863739013672
982
520
0.37071919441223145
961
514
0.1709456443786621
969
497
0.3050076961517334
982
520
0.3150773048400879
982
517
0.19202423095703125
986
520
0.27219557762145996
989
510
0.2661135196685791
970
506
0.18883943557739258
979
501
0.2903749942779541
951
518
0.21927428245544434
964
519
0.31297755241394043
988
506
0.17038440704345703
993
512
0.18883943557739258
961
514
0.21698331832885742
963
525
0.1709456443786621
963
499
0.19049072265625
985
512
0.305525541305542
955
518
0.3476145267486572
987
529
0.3150773048400879
970
506
0.21927428245544434
940
509
0.39452648162841797
973
512
0.18260550498962402
958
523
0.2798495292663574
964
523
0.18260550498962402
960
526
0.3315243721008301
969
497
0.18260550498962402
985
512
0.19461369514465332
980
519
0.20878291130065918
987
521
0.20293045043945312
979
531
0.21698331832885742
988
507
0.33973050117492676
978
509
0.20743966102600098
955
518
0.40745019912719727
988
508
0.3290712833404541
963
524
0.3476145267486572
973
512
0.1956641674041748
963
499
0.42561960220336914
987
529
0.3150773048400879
978
509
0.3050076961517334
933
520
0.6194577217102051
957
527
0.1904294490814209
955
512
0.33973050117492676
979
519
0.2785024642944336
979
499
0.3786196708679199
993
512
0.2661135196685791
993
512
0.1904294490814209
961
514
0.19202423095703125
961
515
0.28055620193481445
992
516
0.6230640411376953
983
501
0.6194577217102051
979
499
0.18849611282348633
961
516
0.5894606113433838
983
501
0.30640578269958496
958
523
0.28604912757873535
967
507
0.28749513626098633
950
518
0.2504863739013672
965
523
0.28749513626098633
992
516
0.4650733470916748
949
524
0.174363374710083
988
506
0.3224024772644043
977
527
0.2772238254547119
987
517
0.4650733470916748
963
524
0.28604912757873535
979
499
0.1904294490814209
957
527
0.28749513626098633
970
506
0.3138747215270996
960
526
0.6304481029510498
947
514
0.3138747215270996
932
521
0.5233979225158691
979
519
0.20860767364501953
970
506
0.1956641674041748
986
520
0.1709456443786621
962
517
0.2991325855255127
987
517
0.174363374710083
993
521
0.6230640411376953
965
523
0.323012113571167
949
503
0.1690967082977295
955
512
0.1709456443786621
987
529
0.27211904525756836
964
519
0.1784827709197998
969
497
0.42561960220336914
979
519
0.1690967082977295
983
504
0.31297755241394043
958
515
0.29316234588623047
988
508
0.40745019912719727
988
508
0.4650733470916748
946
518
0.20878291130065918
940
509
0.20860767364501953
943
533
0.3315243721008301
982
530
0.37071919441223145
953
505
0.32218241691589355
960
526
0.3224024772644043
980
497
0.20743966102600098
958
515
0.1709277629852295
983
501
0.6239967346191406
979
531
0.29316234588623047
985
512
0.600496768951416
983
504
0.305525541305542
982
517
0.1784827709197998
988
508
0.2772238254547119
959
529
0.2661135196685791
993
512
0.18883943557739258
957
516
0.34002208709716797
987
517
0.2991325855255127
947
514
0.1720736026763916
985
512
0.34002208709716797
992
516
0.2566831111907959
998
520
0.2903749942779541
984
522
0.18005824089050293
979
499
0.305525541305542
955
518
0.1784827709197998
988
511
0.2216033935546875
961
497
0.3476145267486572
943
502
0.20293045043945312
991
509
0.28402137756347656
964
519
0.1992325782775879
996
517
0.18005824089050293
958
523
0.1992325782775879
978
509
0.19049072265625
993
520
0.25105762481689453
978
509
0.323012113571167
946
518
0.2566831111907959
979
501
0.174363374710083
949
524
0.19009613990783691
974
513
0.6230640411376953
943
502
0.1904294490814209
964
519
0.28055620193481445
970
509
0.28604912757873535
979
531
0.32218241691589355
955
524
0.1956641674041748
993
520
0.29375147819519043
963
499
0.2504863739013672
980
497
0.1992325782775879
951
518
0.27211904525756836
986
520
0.17038440704345703
955
512
0.1709456443786621
984
522
0.2798495292663574
949
524
0.18849611282348633
951
518
0.600496768951416
961
516
0.3224024772644043
974
527
0.5894606113433838
970
509
0.42561960220336914
979
501
0.20860767364501953
980
519
0.323012113571167
941
529
0.27219557762145996
961
514
0.19202423095703125
959
529
0.30640578269958496
978
509
0.27219557762145996
979
499
0.6304481029510498
987
517
0.17038440704345703
977
527
0.6239967346191406
953
505
0.18005824089050293
955
524
0.34002208709716797
940
509
0.20860767364501953
955
524
0.2991325855255127
974
527
0.2903749942779541
949
524
0.2504863739013672
946
518
0.1956641674041748
982
530
0.27083921432495117
966
525
0.18260550498962402
955
512
0.3786196708679199
998
520
0.29316234588623047
988
507
0.29316234588623047
986
520
0.18883943557739258
966
521
0.40745019912719727
998
520
0.29375147819519043
966
525
0.30955982208251953
979
519
0.323012113571167
988
506
0.3050076961517334
973
512
0.3786196708679199
988
506
0.613905668258667
958
523
0.6230640411376953
984
522
0.39452648162841797
980
497
0.17038440704345703
950
518
0.28749513626098633
980
519
0.31297755241394043
987
517
0.1784827709197998
950
518
0.18849611282348633
988
507
0.2903749942779541
984
522
0.1956641674041748
958
515
0.613905668258667
958
518
0.20201683044433594
977
527
0.27083921432495117
964
523
0.32901954650878906
949
503
0.3138747215270996
984
522
2.4598944187164307
962
517
0.3290712833404541
957
527
0.37071919441223145
955
524
0.33973050117492676
998
520
0.17038440704345703
988
506
0.28604912757873535
949
524
0.2216033935546875
982
517
0.1784827709197998
963
499
0.28055620193481445
985
503
0.20498037338256836
988
511
0.323012113571167
950
518
0.168532133102417
964
523
0.2879812717437744
957
527
0.20201683044433594
984
522
0.20878291130065918
980
497
0.3786196708679199
989
510
0.20860767364501953
991
523
0.32901954650878906
960
526
0.25105762481689453
969
497
0.174363374710083
979
519
0.29316234588623047
951
518
0.20860767364501953
984
522
0.6194577217102051
980
497
0.37071919441223145
961
497
0.39452648162841797
983
501
0.28055620193481445
961
516
0.364269495010376
988
508
0.20447492599487305
957
516
0.1956641674041748
957
527
0.6304481029510498
960
526
0.323012113571167
980
497
0.2504863739013672
979
531
0.37071919441223145
961
516
0.25105762481689453
951
518
0.323012113571167
943
502
0.1956641674041748
940
509
0.1784827709197998
953
505
0.2566831111907959
982
520
0.27211904525756836
988
506
0.3290712833404541
964
519
0.2903749942779541
932
521
0.18090581893920898
955
518
0.3138747215270996
946
518
0.17038440704345703
979
501
0.1904294490814209
991
523
0.18883943557739258
957
527
0.3476145267486572
982
517
0.20878291130065918
933
520
0.2772238254547119
949
524
0.3290712833404541
985
503
0.31297755241394043
965
523
0.2798495292663574
966
521
2.4598944187164307
963
499
0.19009613990783691
993
520
0.2504863739013672
962
517
0.18883943557739258
987
529
0.18849611282348633
941
529
0.2216033935546875
964
523
0.28055620193481445
975
509
0.32218241691589355
982
530
0.39452648162841797
961
497
0.34002208709716797
964
519
0.3050076961517334
982
520
0.3786196708679199
982
517
0.17038440704345703
970
509
0.18883943557739258
977
527
0.3224024772644043
955
512
0.364269495010376
961
514
0.6304481029510498
983
504
0.29316234588623047
943
533
0.3224024772644043
943
533
0.600496768951416
953
505
0.27083921432495117
953
505
0.168532133102417
974
513
0.6304481029510498
980
519
0.39452648162841797
962
517
0.6230640411376953
987
529
0.20498037338256836
961
516
0.19049072265625
958
515
0.168532133102417
941
529
0.37071919441223145
978
518
0.29375147819519043
961
497
0.27083921432495117
992
516
0.18883943557739258
993
521
0.17038440704345703
970
506
0.168532133102417
979
531
0.305525541305542
985
503
0.2991325855255127
983
504
0.2566831111907959
955
518
0.2798495292663574
973
512
0.18883943557739258
982
517
0.168532133102417
941
529
0.1956641674041748
983
504
0.1720736026763916
980
519
0.2798495292663574
974
513
0.1784827709197998
980
497
0.6194577217102051
950
518
0.32218241691589355
946
518
0.2879812717437744
955
524
0.3150773048400879
961
497
0.29375147819519043
933
520
0.2991325855255127
957
527
0.1709456443786621
991
523
0.40745019912719727
951
518
0.4650733470916748
958
515
0.21698331832885742
947
514
0.364269495010376
951
518
0.20878291130065918
988
510
0.19202423095703125
988
522
0.1709456443786621
983
504
0.25105762481689453
982
517
0.3786196708679199
