828
228
0.11724162101745605
824
219
0.4628586769104004
824
226
0.4170372486114502
819
228
0.13397979736328125
820
222
0.20116329193115234
806
216
0.2386925220489502
826
225
0.35134100914001465
809
228
0.11724162101745605
811
227
0.46260976791381836
812
227
0.29158639907836914
810
217
0.30504631996154785
824
226
0.21555137634277344
825
220
0.27640819549560547
824
227
0.3941037654876709
811
223
0.23789143562316895
823
219
0.28287649154663086
810
226
0.11724162101745605
815
219
0.35134100914001465
823
219
0.4550607204437256
810
223
0.3356499671936035
824
226
0.424821138381958
810
226
0.25313615798950195
806
216
0.2388594150543213
805
224
0.22263860702514648
810
217
0.46883583068847656
809
228
0.2543468475341797
815
218
0.4170372486114502
820
224
0.36541175842285156
819
228
0.21555137634277344
823
226
0.2238633632659912
818
224
0.35134100914001465
814
224
0.25313615798950195
817
220
0.4768993854522705
798
216
0.2974390983581543
806
216
0.26784300804138184
825
221
0.1489119529724121
824
226
0.4244043827056885
824
225
0.4178497791290283
811
226
0.21555137634277344
819
228
0.2841372489929199
812
225
2.101827383041382
824
227
0.1489119529724121
823
219
0.4248077869415283
811
225
0.349928617477417
802
225
0.33531880378723145
810
226
0.45373964309692383
820
224
0.2899038791656494
806
223
0.2238633632659912
829
220
0.23082423210144043
799
218
0.4178497791290283
799
218
0.23789143562316895
811
226
0.36464452743530273
823
219
0.35134100914001465
811
225
0.35134100914001465
803
228
0.4178497791290283
811
223
0.3356499671936035
812
225
0.36464452743530273
818
225
0.2974390983581543
823
219
0.2974390983581543
810
226
0.23789143562316895
798
216
0.36541175842285156
811
227
0.3356499671936035
811
226
0.23082423210144043
818
225
0.32773470878601074
832
225
0.2899038791656494
810
227
0.3941037654876709
811
225
2.101827383041382
811
226
0.32773470878601074
825
220
0.4244043827056885
832
225
0.11724162101745605
806
216
0.2899038791656494
806
228
0.46260976791381836
811
225
0.4628586769104004
810
226
0.26784300804138184
826
225
0.46205973625183105
820
224
0.49951839447021484
824
227
0.28287649154663086
814
224
0.21596145629882812
802
225
0.4178497791290283
803
228
0.25313615798950195
822
224
0.424821138381958
820
224
0.11724162101745605
805
224
0.4775991439819336
806
216
0.42380285263061523
807
214
0.19437551498413086
820
227
0.4404900074005127
816
216
0.4550607204437256
811
227
0.23789143562316895
811
226
0.349928617477417
812
225
0.2543468475341797
824
225
0.2898828983306885
826
223
0.22194266319274902
818
225
0.20116329193115234
802
225
0.4775991439819336
811
226
0.32773470878601074
820
227
0.11724162101745605
816
216
0.21555137634277344
820
223
0.4178497791290283
811
224
0.2388594150543213
811
225
0.2386925220489502
805
224
0.13397979736328125
817
220
0.40259885787963867
810
223
0.349928617477417
820
227
0.20854854583740234
832
225
0.1489119529724121
829
220
0.349928617477417
811
223
0.4775991439819336
814
236
0.2905149459838867
806
223
2.101827383041382
819
228
0.40259885787963867
811
226
0.42380285263061523
810
223
0.4628586769104004
807
214
0.20854854583740234
818
224
0.30504631996154785
819
228
0.13397979736328125
810
227
0.20854854583740234
819
228
0.21596145629882812
811
227
0.21555137634277344
803
228
0.22874832153320312
806
228
0.26784300804138184
807
214
0.2543468475341797
798
216
0.4404900074005127
811
226
0.4248077869415283
821
225
0.4097411632537842
832
225
0.40259885787963867
811
224
0.2676668167114258
811
227
0.4178497791290283
825
228
0.2841372489929199
820
227
0.2230989933013916
810
227
0.45373964309692383
810
223
0.3356499671936035
811
224
0.28303027153015137
809
225
0.27640819549560547
810
217
0.4620070457458496
819
228
0.21548843383789062
811
227
0.29158639907836914
820
227
0.35134100914001465
824
226
0.40259885787963867
826
223
0.1931300163269043
802
225
0.2238633632659912
805
228
0.2841372489929199
825
221
0.19437551498413086
811
224
0.4404900074005127
805
224
0.46260976791381836
799
218
0.46260976791381836
810
217
0.49951839447021484
810
223
0.4097411632537842
798
216
0.33531880378723145
824
227
0.46205973625183105
806
228
0.27640819549560547
811
225
0.4248077869415283
806
223
0.26784300804138184
810
226
0.49951839447021484
823
226
0.2676668167114258
812
227
0.19437551498413086
819
228
0.49951839447021484
811
225
0.2238633632659912
805
224
0.36464452743530273
812
227
0.4550607204437256
823
219
0.2676668167114258
822
224
0.45373964309692383
825
228
0.2841372489929199
828
228
0.25313615798950195
826
225
0.424821138381958
812
218
0.46883583068847656
821
225
0.42380285263061523
807
214
0.4178497791290283
806
216
0.4248077869415283
805
225
0.45373964309692383
810
227
0.4768993854522705
824
219
0.1931300163269043
806
232
0.4097411632537842
811
227
0.36464452743530273
820
227
0.23773193359375
813
222
0.2386925220489502
821
225
0.45373964309692383
822
217
0.4775991439819336
813
222
0.22263860702514648
799
218
0.13397979736328125
811
225
0.27640819549560547
822
217
0.42380285263061523
807
214
0.25313615798950195
803
228
0.4244043827056885
803
228
0.21555137634277344
810
227
0.3356499671936035
825
221
0.27640819549560547
818
225
0.32773470878601074
826
225
0.27640819549560547
820
222
0.27640819549560547
810
223
2.101827383041382
829
220
0.1931300163269043
816
216
0.4775991439819336
824
225
0.19437551498413086
811
227
0.36464452743530273
825
220
0.45373964309692383
824
227
2.101827383041382
826
223
0.28303027153015137
813
222
0.4244043827056885
810
226
0.2905149459838867
818
225
0.2230989933013916
825
221
0.35134100914001465
825
228
0.4170372486114502
812
227
0.23773193359375
828
228
0.3941037654876709
809
225
0.4775991439819336
810
227
0.20116329193115234
820
222
0.43743419647216797
810
223
0.2974390983581543
826
223
0.3136453628540039
810
226
0.23082423210144043
810
228
0.2841372489929199
806
228
0.3941037654876709
829
220
0.2841372489929199
818
225
0.35134100914001465
805
225
0.4768993854522705
806
216
0.19437551498413086
811
224
0.3136453628540039
812
227
0.19437551498413086
806
232
0.28287649154663086
825
221
0.20116329193115234
806
223
0.20854854583740234
805
225
0.36464452743530273
802
225
0.3941037654876709
811
227
0.4775991439819336
823
219
0.2230989933013916
821
225
0.4170372486114502
824
226
0.2898828983306885
805
224
0.4244043827056885
824
226
0.4248077869415283
822
224
0.2388594150543213
825
223
0.2388594150543213
811
227
0.21596145629882812
823
219
0.23789143562316895
817
220
0.4404900074005127
814
224
0.4620070457458496
805
225
0.424821138381958
824
219
0.36541175842285156
818
225
0.1489119529724121
810
227
0.22194266319274902
824
227
0.43256258964538574
810
217
0.2676668167114258
824
227
0.2676668167114258
814
236
0.46883583068847656
811
223
0.22874832153320312
811
224
0.32773470878601074
809
225
0.49951839447021484
832
225
0.2543468475341797
818
225
0.349928617477417
812
218
0.46260976791381836
811
227
0.46260976791381836
812
225
0.2386925220489502
818
225
0.3941037654876709
822
217
0.49951839447021484
826
223
0.2898828983306885
820
224
0.4620070457458496
803
228
0.3281247615814209
825
220
0.2676668167114258
805
228
0.2388594150543213
816
216
0.13397979736328125
820
222
0.4244043827056885
820
222
0.30504631996154785
820
222
0.4178497791290283
820
223
0.4768993854522705
822
217
0.2230989933013916
814
224
0.4248077869415283
809
225
0.30504631996154785
825
221
0.30504631996154785
824
225
0.4178497791290283
828
228
0.28303027153015137
803
228
0.34296655654907227
832
225
0.2841372489929199
815
218
0.23082423210144043
810
223
0.22263860702514648
811
227
0.2543468475341797
823
219
0.2238633632659912
803
228
0.3941037654876709
820
224
0.46883583068847656
825
223
0.2898828983306885
816
216
0.2676668167114258
826
223
0.21548843383789062
812
218
0.43256258964538574
817
220
0.3136453628540039
803
228
0.4244043827056885
825
221
0.36464452743530273
819
228
0.22874832153320312
823
219
0.23773193359375
806
223
0.2388594150543213
822
217
0.23773193359375
829
220
0.2543468475341797
826
223
0.4244043827056885
806
228
0.3941037654876709
823
226
0.4178497791290283
807
214
0.30504631996154785
828
228
0.4404900074005127
820
223
0.21548843383789062
818
224
0.46883583068847656
819
228
0.2898828983306885
809
225
0.2899038791656494
798
216
0.2388594150543213
824
227
0.25313615798950195
820
223
0.2388594150543213
824
225
0.27640819549560547
806
232
0.46883583068847656
818
224
0.2899038791656494
822
217
0.20854854583740234
803
228
0.46260976791381836
801
234
0.46883583068847656
825
228
0.20116329193115234
818
225
0.4178497791290283
806
223
0.3941037654876709
813
222
0.2899038791656494
820
227
0.4244043827056885
829
220
0.4768993854522705
801
234
0.28287649154663086
826
223
0.26784300804138184
814
224
0.22263860702514648
805
228
0.1489119529724121
818
225
0.22194266319274902
813
222
0.13397979736328125
826
225
0.3136453628540039
803
228
0.11724162101745605
816
216
0.2905149459838867
826
225
0.4097411632537842
829
220
0.424821138381958
810
228
0.4768993854522705
820
223
0.2898828983306885
824
226
0.22194266319274902
813
222
0.4628586769104004
823
219
0.45373964309692383
820
224
0.349928617477417
832
225
0.2676668167114258
811
224
0.36541175842285156
811
227
0.49951839447021484
806
216
0.49951839447021484
823
219
0.3040339946746826
825
221
0.43256258964538574
825
228
0.34296655654907227
810
228
0.30504631996154785
805
225
0.28287649154663086
805
224
0.2899038791656494
815
219
0.40259885787963867
822
224
0.4628586769104004
812
225
0.4178497791290283
823
226
0.20854854583740234
805
225
0.21555137634277344
812
218
0.21555137634277344
810
223
0.1489119529724121
818
225
0.25313615798950195
814
236
0.46205973625183105
815
218
0.2899038791656494
798
216
0.3356499671936035
806
223
0.21555137634277344
814
224
0.4775991439819336
815
218
0.4550607204437256
813
222
0.46883583068847656
819
228
0.34296655654907227
822
224
0.22263860702514648
806
223
0.42380285263061523
809
228
0.27640819549560547
811
224
0.21555137634277344
825
228
0.25313615798950195
826
225
0.45373964309692383
811
226
0.2238633632659912
825
228
0.4775991439819336
806
232
0.3356499671936035
811
224
0.21596145629882812
811
224
0.4248077869415283
820
222
0.19437551498413086
811
225
0.21555137634277344
820
223
0.4628586769104004
819
228
0.4775991439819336
825
221
0.29158639907836914
825
221
0.32773470878601074
820
222
0.43743419647216797
803
228
0.2899038791656494
825
228
0.2238633632659912
810
226
0.349928617477417
809
228
0.34296655654907227
810
228
0.11724162101745605
815
219
0.46205973625183105
801
234
0.11724162101745605
818
225
0.46205973625183105
811
224
0.424821138381958
810
223
0.32773470878601074
815
219
0.4248077869415283
810
226
0.23773193359375
821
225
0.40259885787963867
825
221
0.4620070457458496
811
227
0.1931300163269043
805
228
0.4768993854522705
824
225
0.23082423210144043
811
224
0.21596145629882812
816
216
0.20116329193115234
809
228
0.20854854583740234
824
219
0.21548843383789062
812
225
0.4628586769104004
806
223
0.25313615798950195
829
220
0.25313615798950195
812
225
0.4244043827056885
810
223
0.4775991439819336
