825
223
0.4775991439819336
820
223
0.2230989933013916
803
228
0.36464452743530273
799
218
0.4097411632537842
810
226
0.40259885787963867
820
222
0.3941037654876709
828
228
0.21548843383789062
806
228
0.4620070457458496
805
224
0.4775991439819336
826
225
0.22263860702514648
811
227
0.33531880378723145
823
219
0.22194266319274902
820
224
0.3281247615814209
806
223
0.2898828983306885
810
228
0.23773193359375
820
224
0.20854854583740234
809
225
0.46205973625183105
825
220
0.4097411632537842
824
225
0.43256258964538574
799
218
0.28303027153015137
826
223
0.46883583068847656
805
224
0.27640819549560547
821
225
0.2898828983306885
824
226
0.22874832153320312
806
228
0.4244043827056885
812
225
0.4620070457458496
810
223
0.2898828983306885
811
226
0.28303027153015137
802
225
0.13397979736328125
811
224
0.424821138381958
806
228
0.20116329193115234
814
224
0.2841372489929199
810
223
0.19437551498413086
825
223
0.1931300163269043
812
227
0.2386925220489502
811
225
0.28303027153015137
824
219
0.2898828983306885
829
220
0.23773193359375
824
225
0.4178497791290283
810
226
0.11724162101745605
814
224
2.101827383041382
820
223
2.101827383041382
818
225
0.45373964309692383
806
232
0.3356499671936035
806
228
0.21548843383789062
823
226
0.4775991439819336
821
225
0.23773193359375
822
217
0.2388594150543213
811
224
0.23773193359375
806
228
0.30504631996154785
801
234
0.36541175842285156
806
216
0.4620070457458496
809
228
0.46205973625183105
825
223
0.2974390983581543
826
225
0.34296655654907227
810
223
0.4178497791290283
799
218
0.4248077869415283
811
227
0.13397979736328125
821
225
0.2388594150543213
815
218
0.22263860702514648
823
219
0.3941037654876709
798
216
0.46883583068847656
810
226
0.36541175842285156
815
219
0.3356499671936035
825
228
0.46205973625183105
817
220
0.2899038791656494
801
234
0.4404900074005127
824
226
0.23082423210144043
806
223
0.29158639907836914
826
225
0.46260976791381836
824
219
0.2974390983581543
832
225
0.43256258964538574
823
226
0.2388594150543213
832
225
0.27640819549560547
817
220
0.2543468475341797
811
227
0.2905149459838867
824
226
0.4248077869415283
806
216
0.3356499671936035
812
227
0.22263860702514648
824
225
0.26784300804138184
806
223
0.4248077869415283
818
224
0.22263860702514648
802
225
0.26784300804138184
806
228
0.2841372489929199
806
228
0.26784300804138184
825
228
0.22263860702514648
820
227
0.4244043827056885
832
225
0.49951839447021484
817
220
0.43743419647216797
825
228
0.33531880378723145
806
232
0.23773193359375
811
226
0.28303027153015137
806
223
0.34296655654907227
812
218
0.27640819549560547
805
228
0.33531880378723145
832
225
0.4620070457458496
824
227
0.25313615798950195
820
227
0.424821138381958
813
222
0.21555137634277344
823
226
0.45373964309692383
824
227
0.2898828983306885
810
227
0.46205973625183105
822
217
0.32773470878601074
823
219
0.3281247615814209
818
225
0.2543468475341797
818
225
0.4550607204437256
799
218
0.22263860702514648
828
228
0.4775991439819336
810
228
0.1931300163269043
809
225
0.22194266319274902
811
225
0.2899038791656494
799
218
0.23082423210144043
799
218
0.4620070457458496
815
218
0.20116329193115234
803
228
0.4620070457458496
799
218
0.2386925220489502
814
224
0.3136453628540039
812
225
0.3356499671936035
805
224
0.2386925220489502
810
223
0.21548843383789062
805
225
0.46205973625183105
806
232
0.46883583068847656
806
228
0.27640819549560547
818
225
0.2238633632659912
818
225
0.30504631996154785
825
228
0.4775991439819336
811
224
0.3281247615814209
806
216
0.3356499671936035
810
228
0.40259885787963867
821
225
0.2388594150543213
811
225
0.4404900074005127
832
225
0.3040339946746826
828
228
0.43256258964538574
820
224
0.4628586769104004
810
217
0.4550607204437256
814
224
0.32773470878601074
825
223
0.22263860702514648
813
222
0.23773193359375
801
234
0.4775991439819336
811
223
0.36541175842285156
806
232
0.1489119529724121
832
225
0.27640819549560547
826
223
0.2841372489929199
809
228
0.4244043827056885
814
224
0.21596145629882812
832
225
0.45373964309692383
829
220
0.4170372486114502
811
224
0.20116329193115234
814
236
0.11724162101745605
806
232
0.3356499671936035
810
217
0.4404900074005127
824
227
0.1489119529724121
822
224
2.101827383041382
822
224
0.42380285263061523
803
228
0.23789143562316895
806
216
0.2676668167114258
799
218
0.2676668167114258
823
226
0.28303027153015137
809
225
0.1931300163269043
824
226
0.43256258964538574
825
223
0.28287649154663086
818
224
0.4170372486114502
805
228
0.36541175842285156
810
228
0.3941037654876709
811
227
0.2676668167114258
816
216
0.42380285263061523
814
224
0.4775991439819336
828
228
0.4178497791290283
811
224
0.2676668167114258
829
220
0.28287649154663086
817
220
0.43743419647216797
820
223
0.2388594150543213
818
225
0.4244043827056885
820
224
0.4170372486114502
806
223
0.35134100914001465
812
227
0.23082423210144043
812
225
0.40259885787963867
802
225
0.3941037654876709
809
228
0.20854854583740234
805
228
0.43743419647216797
802
225
0.30504631996154785
809
225
0.2238633632659912
832
225
0.43256258964538574
818
225
0.21555137634277344
799
218
0.46883583068847656
801
234
0.22194266319274902
811
226
0.42380285263061523
802
225
0.27640819549560547
805
224
0.23082423210144043
810
228
0.28303027153015137
818
224
0.11724162101745605
817
220
0.4170372486114502
812
227
0.1489119529724121
810
227
0.4768993854522705
820
227
0.21596145629882812
811
227
0.34296655654907227
799
218
0.30504631996154785
825
221
0.4178497791290283
820
224
0.42380285263061523
803
228
0.4248077869415283
815
219
0.28303027153015137
824
225
0.34296655654907227
809
225
0.3040339946746826
828
228
0.2676668167114258
814
224
0.19437551498413086
806
232
0.21596145629882812
817
220
0.26784300804138184
816
216
0.1931300163269043
811
224
0.13397979736328125
806
228
0.2543468475341797
807
214
0.32773470878601074
805
225
0.34296655654907227
820
222
0.21596145629882812
811
224
0.21548843383789062
807
214
0.2974390983581543
803
228
0.28303027153015137
806
228
0.33531880378723145
811
223
0.27640819549560547
798
216
0.46260976791381836
811
227
0.43256258964538574
820
222
0.22263860702514648
810
217
2.101827383041382
812
227
0.4768993854522705
829
220
2.101827383041382
820
223
0.33531880378723145
814
236
0.21548843383789062
803
228
0.20116329193115234
814
224
0.4248077869415283
805
224
0.4097411632537842
824
226
0.11724162101745605
810
217
0.2841372489929199
810
227
0.26784300804138184
815
218
0.2230989933013916
825
223
0.2543468475341797
823
226
0.36541175842285156
821
225
0.42380285263061523
826
223
0.29158639907836914
811
226
0.30504631996154785
825
220
0.3040339946746826
810
223
0.3040339946746826
820
222
0.3356499671936035
818
225
0.2974390983581543
811
224
0.4768993854522705
809
225
0.22263860702514648
814
224
0.4550607204437256
812
225
0.4244043827056885
812
227
0.22263860702514648
806
232
0.35134100914001465
828
228
0.42380285263061523
814
224
0.27640819549560547
812
225
0.46883583068847656
810
223
0.36464452743530273
825
223
0.4248077869415283
810
226
0.45373964309692383
806
223
0.1489119529724121
814
224
0.2676668167114258
809
225
0.4248077869415283
821
225
0.1931300163269043
811
224
0.3281247615814209
812
227
0.4404900074005127
820
224
0.11724162101745605
810
227
0.2230989933013916
811
227
0.27640819549560547
822
217
0.30504631996154785
816
216
0.28303027153015137
826
225
0.2841372489929199
809
228
0.29158639907836914
816
216
0.25313615798950195
801
234
0.4097411632537842
803
228
0.2974390983581543
825
221
0.2238633632659912
811
224
0.4248077869415283
813
222
0.19437551498413086
820
224
0.36464452743530273
815
218
0.28303027153015137
828
228
0.46883583068847656
820
222
0.22874832153320312
803
228
0.4550607204437256
824
227
0.4550607204437256
826
223
0.2230989933013916
810
217
0.28287649154663086
801
234
0.45373964309692383
807
214
0.2676668167114258
801
234
0.36541175842285156
824
219
0.45373964309692383
803
228
0.32773470878601074
806
223
0.22263860702514648
811
227
0.2230989933013916
819
228
0.22263860702514648
810
226
0.2899038791656494
813
222
0.4404900074005127
814
224
0.42380285263061523
823
219
0.2386925220489502
824
227
0.424821138381958
811
223
0.43256258964538574
815
219
0.2238633632659912
820
223
0.2974390983581543
825
221
0.2238633632659912
823
219
0.46260976791381836
810
226
0.349928617477417
810
228
0.4620070457458496
818
225
0.2974390983581543
798
216
0.2841372489929199
816
216
0.4550607204437256
806
228
0.49951839447021484
825
220
0.28303027153015137
806
228
0.4620070457458496
829
220
0.4775991439819336
799
218
0.19437551498413086
811
225
0.4550607204437256
810
217
0.49951839447021484
812
227
0.424821138381958
798
216
0.34296655654907227
826
225
0.32773470878601074
814
236
0.33531880378723145
820
224
0.21596145629882812
805
224
0.4550607204437256
829
220
0.2386925220489502
829
220
0.1931300163269043
798
216
0.1931300163269043
810
226
0.4404900074005127
811
227
0.2841372489929199
809
225
0.4775991439819336
801
234
0.23773193359375
809
225
0.2388594150543213
820
224
0.28287649154663086
810
226
0.49951839447021484
812
227
0.3281247615814209
810
228
0.36464452743530273
829
220
0.2230989933013916
810
227
0.4170372486114502
810
217
0.2676668167114258
805
225
0.20116329193115234
821
225
0.4620070457458496
832
225
0.22194266319274902
825
223
0.4404900074005127
829
220
0.4097411632537842
806
228
0.3281247615814209
803
228
0.4550607204437256
825
221
0.21596145629882812
820
224
0.20854854583740234
805
228
0.2899038791656494
805
228
0.22874832153320312
801
234
0.23789143562316895
811
224
0.4404900074005127
806
216
0.20116329193115234
810
217
0.23082423210144043
820
223
0.3281247615814209
825
223
0.49951839447021484
832
225
0.349928617477417
825
220
0.27640819549560547
825
220
0.46205973625183105
806
228
0.13397979736328125
811
226
0.22194266319274902
805
228
0.36541175842285156
805
224
0.3281247615814209
812
227
0.2905149459838867
810
228
0.25313615798950195
825
221
0.2841372489929199
820
222
0.2676668167114258
805
224
0.1931300163269043
805
224
0.20854854583740234
823
226
0.2388594150543213
806
216
0.46205973625183105
814
236
0.2230989933013916
811
223
0.4775991439819336
805
224
0.25313615798950195
817
220
0.42380285263061523
824
226
0.4775991439819336
815
219
0.349928617477417
826
223
0.32773470878601074
824
225
0.28303027153015137
816
216
0.2676668167114258
812
218
0.349928617477417
820
222
0.23082423210144043
811
224
0.32773470878601074
822
217
0.49951839447021484
801
234
0.22194266319274902
805
225
0.4775991439819336
824
219
0.21555137634277344
817
220
0.3281247615814209
810
228
0.42380285263061523
806
216
0.2230989933013916
814
224
0.19437551498413086
812
225
0.2230989933013916
826
225
0.4244043827056885
806
232
0.20116329193115234
817
220
0.2974390983581543
809
225
0.19437551498413086
832
225
0.3356499671936035
825
220
0.34296655654907227
806
223
0.21548843383789062
818
225
0.13397979736328125
817
220
0.4768993854522705
814
224
0.40259885787963867
811
226
0.4170372486114502
828
228
0.3281247615814209
820
227
0.2386925220489502
820
227
0.45373964309692383
806
232
0.13397979736328125
