811
223
0.349928617477417
806
228
0.11724162101745605
812
218
0.20854854583740234
801
234
0.2974390983581543
809
228
0.2898828983306885
825
220
0.2899038791656494
820
223
0.20854854583740234
812
218
0.4097411632537842
811
227
0.2898828983306885
824
225
0.29158639907836914
811
227
0.20116329193115234
825
220
0.4170372486114502
825
228
0.4620070457458496
824
225
0.27640819549560547
825
223
0.2899038791656494
823
219
0.26784300804138184
814
224
0.43743419647216797
810
227
0.13397979736328125
824
226
0.2974390983581543
805
228
0.22194266319274902
813
222
0.26784300804138184
807
214
0.2841372489929199
824
226
0.30504631996154785
825
223
0.1489119529724121
825
221
0.46260976791381836
811
227
0.43743419647216797
805
225
0.4248077869415283
822
224
0.20854854583740234
824
227
0.11724162101745605
805
228
0.2841372489929199
798
216
0.4768993854522705
806
228
0.20854854583740234
811
227
0.3040339946746826
810
217
0.2841372489929199
810
226
0.2230989933013916
823
219
0.4178497791290283
811
226
0.2238633632659912
815
218
0.49951839447021484
810
223
0.35134100914001465
809
225
0.4244043827056885
824
219
0.3281247615814209
828
228
0.21548843383789062
812
227
0.36541175842285156
822
217
0.2238633632659912
806
228
0.20116329193115234
825
228
0.27640819549560547
820
224
0.4620070457458496
810
228
0.22263860702514648
810
223
0.2974390983581543
828
228
0.2676668167114258
812
225
0.27640819549560547
811
224
0.46260976791381836
818
225
2.101827383041382
810
228
0.424821138381958
798
216
0.42380285263061523
806
223
0.46260976791381836
811
226
0.4097411632537842
798
216
0.43256258964538574
819
228
0.2230989933013916
823
226
0.21555137634277344
825
221
0.4620070457458496
805
228
0.1931300163269043
811
225
0.1931300163269043
812
227
0.30504631996154785
806
228
0.30504631996154785
806
223
2.101827383041382
820
224
2.101827383041382
799
218
0.40259885787963867
820
224
0.43743419647216797
806
223
0.23773193359375
819
228
0.4097411632537842
820
222
0.2905149459838867
802
225
0.2388594150543213
818
225
0.49951839447021484
805
224
0.22194266319274902
807
214
0.4178497791290283
810
226
0.4244043827056885
813
222
0.4620070457458496
806
223
0.23789143562316895
811
223
0.20854854583740234
814
236
0.25313615798950195
826
223
0.29158639907836914
805
228
0.19437551498413086
825
228
2.101827383041382
820
227
0.45373964309692383
820
224
0.2238633632659912
803
228
0.2386925220489502
822
224
0.28287649154663086
825
228
0.25313615798950195
826
225
0.4178497791290283
820
223
0.3356499671936035
809
228
0.29158639907836914
802
225
0.29158639907836914
826
223
0.3941037654876709
818
224
0.4248077869415283
820
223
0.43743419647216797
826
225
0.3136453628540039
824
226
0.2841372489929199
818
224
0.4620070457458496
805
228
0.2905149459838867
824
226
0.1489119529724121
818
225
0.2974390983581543
806
228
0.4775991439819336
799
218
0.19437551498413086
805
225
0.28287649154663086
824
225
0.4404900074005127
819
228
0.4170372486114502
824
226
0.32773470878601074
814
236
0.4170372486114502
822
217
0.2898828983306885
815
218
0.42380285263061523
810
226
0.22194266319274902
807
214
0.30504631996154785
803
228
0.4620070457458496
811
225
0.2974390983581543
815
218
0.424821138381958
805
228
0.21548843383789062
810
226
0.4097411632537842
820
224
0.32773470878601074
825
228
0.2230989933013916
812
218
0.2898828983306885
823
219
0.3281247615814209
798
216
0.43256258964538574
822
217
0.46260976791381836
812
225
0.3356499671936035
817
220
0.3136453628540039
820
223
0.3356499671936035
805
225
0.4097411632537842
812
227
0.3356499671936035
818
225
0.32773470878601074
802
225
0.26784300804138184
798
216
0.46883583068847656
823
219
0.46883583068847656
820
222
0.46205973625183105
826
223
0.2898828983306885
815
218
0.23789143562316895
820
224
0.22874832153320312
813
222
0.19437551498413086
806
216
0.4178497791290283
807
214
0.13397979736328125
814
224
0.40259885787963867
806
232
0.2841372489929199
810
223
0.28303027153015137
820
224
0.22263860702514648
803
228
0.21555137634277344
825
228
0.42380285263061523
806
232
0.1931300163269043
811
226
0.46205973625183105
826
225
0.23773193359375
810
228
0.4178497791290283
801
234
0.4628586769104004
820
222
0.36541175842285156
829
220
0.36541175842285156
816
216
0.2898828983306885
805
224
0.349928617477417
805
224
0.19437551498413086
810
223
0.34296655654907227
809
228
0.4248077869415283
810
223
0.23789143562316895
809
228
0.25313615798950195
809
225
0.2841372489929199
809
225
0.11724162101745605
828
228
0.28303027153015137
799
218
0.23789143562316895
818
225
0.1931300163269043
799
218
0.36464452743530273
824
227
0.4628586769104004
823
226
0.1931300163269043
805
225
0.21548843383789062
811
223
0.4170372486114502
815
219
0.20116329193115234
806
223
0.30504631996154785
823
226
0.2543468475341797
798
216
0.49951839447021484
810
223
0.3136453628540039
810
228
0.29158639907836914
814
236
0.26784300804138184
823
219
0.4170372486114502
802
225
0.4248077869415283
812
227
0.4628586769104004
818
224
0.36464452743530273
824
219
0.42380285263061523
822
217
0.2841372489929199
812
218
0.34296655654907227
832
225
0.28303027153015137
825
220
0.4775991439819336
815
219
0.19437551498413086
826
223
0.2898828983306885
823
219
0.2388594150543213
820
227
0.21548843383789062
822
224
0.46205973625183105
826
223
0.42380285263061523
820
224
0.3281247615814209
824
227
0.2899038791656494
825
228
0.22874832153320312
819
228
0.1931300163269043
821
225
0.4178497791290283
823
226
0.2905149459838867
810
223
0.22263860702514648
822
217
0.2905149459838867
817
220
0.21548843383789062
824
226
0.22263860702514648
810
226
0.36464452743530273
803
228
0.4620070457458496
818
224
0.32773470878601074
810
227
0.33531880378723145
805
224
0.2974390983581543
825
220
0.2230989933013916
805
225
0.4404900074005127
825
228
0.33531880378723145
812
218
2.101827383041382
803
228
0.4768993854522705
826
223
0.45373964309692383
815
218
0.424821138381958
820
223
0.25313615798950195
820
227
0.46205973625183105
820
227
0.46205973625183105
823
219
0.25313615798950195
818
224
0.49951839447021484
825
223
0.2974390983581543
815
218
0.2386925220489502
825
220
0.30504631996154785
811
226
0.4170372486114502
802
225
0.1489119529724121
826
225
0.42380285263061523
805
224
0.30504631996154785
811
224
0.2676668167114258
806
216
0.46260976791381836
811
223
0.2898828983306885
818
224
0.34296655654907227
805
224
0.46260976791381836
807
214
0.2841372489929199
820
222
0.25313615798950195
805
224
0.22263860702514648
820
227
0.35134100914001465
825
228
0.22194266319274902
825
220
0.2905149459838867
829
220
0.46883583068847656
824
227
0.2386925220489502
802
225
0.4620070457458496
815
219
0.1931300163269043
824
226
0.28303027153015137
811
225
0.4550607204437256
816
216
0.22263860702514648
825
220
0.2841372489929199
824
225
0.26784300804138184
798
216
0.3136453628540039
812
225
0.43256258964538574
813
222
2.101827383041382
809
228
0.2543468475341797
812
218
0.45373964309692383
816
216
0.27640819549560547
829
220
0.4768993854522705
802
225
0.2230989933013916
802
225
0.4178497791290283
814
224
0.11724162101745605
805
228
0.4404900074005127
821
225
0.4620070457458496
826
223
0.424821138381958
819
228
0.22194266319274902
810
223
0.22874832153320312
805
228
0.4248077869415283
825
223
0.22194266319274902
823
226
0.4244043827056885
832
225
0.46205973625183105
826
223
0.3040339946746826
806
232
0.20854854583740234
832
225
0.3356499671936035
806
216
0.46205973625183105
828
228
0.3356499671936035
803
228
0.4170372486114502
824
226
0.46883583068847656
799
218
0.20116329193115234
807
214
0.4768993854522705
810
227
0.4620070457458496
815
219
0.19437551498413086
811
224
0.36541175842285156
812
225
0.45373964309692383
812
225
0.21555137634277344
820
227
0.21555137634277344
812
227
0.20116329193115234
825
223
0.21555137634277344
826
223
0.42380285263061523
824
226
0.23789143562316895
825
221
0.32773470878601074
829
220
0.21555137634277344
820
227
0.2386925220489502
820
222
0.4097411632537842
805
225
0.1489119529724121
806
216
0.25313615798950195
805
225
0.4178497791290283
810
226
0.4178497791290283
821
225
0.27640819549560547
799
218
2.101827383041382
824
226
0.36541175842285156
829
220
0.3136453628540039
805
225
0.3356499671936035
801
234
0.28287649154663086
806
216
0.32773470878601074
814
224
0.36464452743530273
814
236
0.4550607204437256
801
234
0.36541175842285156
815
219
0.42380285263061523
819
228
0.3281247615814209
816
216
0.33531880378723145
818
225
0.4097411632537842
824
227
0.42380285263061523
823
226
0.4768993854522705
816
216
0.3356499671936035
814
236
0.43256258964538574
810
228
0.49951839447021484
811
224
0.43256258964538574
810
217
0.43743419647216797
825
223
0.40259885787963867
822
217
0.2905149459838867
812
218
0.2841372489929199
805
228
0.4097411632537842
806
232
0.23082423210144043
805
224
0.3040339946746826
814
236
0.25313615798950195
811
225
0.4404900074005127
813
222
0.46205973625183105
803
228
0.3136453628540039
811
224
0.36464452743530273
811
225
0.4097411632537842
811
226
0.11724162101745605
832
225
0.4244043827056885
824
227
0.2230989933013916
805
228
0.2841372489929199
809
228
0.424821138381958
822
217
0.23773193359375
822
217
0.29158639907836914
824
226
0.2676668167114258
810
227
0.2974390983581543
810
227
0.4550607204437256
814
236
0.19437551498413086
814
236
0.2974390983581543
807
214
0.2230989933013916
814
224
0.3281247615814209
825
220
0.13397979736328125
814
236
0.1931300163269043
826
223
0.46205973625183105
826
223
0.2898828983306885
811
225
0.2676668167114258
810
217
0.4244043827056885
815
218
0.21555137634277344
828
228
0.2905149459838867
829
220
0.40259885787963867
822
217
0.4244043827056885
826
225
0.23082423210144043
805
228
2.101827383041382
822
217
0.3040339946746826
811
224
0.22263860702514648
817
220
0.26784300804138184
801
234
0.46205973625183105
825
223
0.28303027153015137
806
216
0.46883583068847656
818
225
0.3040339946746826
812
218
2.101827383041382
806
228
0.46260976791381836
802
225
2.101827383041382
805
225
0.2676668167114258
798
216
2.101827383041382
825
228
0.2899038791656494
814
236
0.13397979736328125
806
232
0.20854854583740234
810
228
0.21555137634277344
832
225
0.2676668167114258
805
225
0.4178497791290283
806
232
0.25313615798950195
802
225
0.11724162101745605
824
225
0.45373964309692383
828
228
0.3136453628540039
815
219
0.23082423210144043
809
225
0.2841372489929199
805
228
0.4768993854522705
824
226
0.43256258964538574
805
225
0.2388594150543213
818
224
0.4248077869415283
824
227
0.32773470878601074
809
225
0.4550607204437256
818
225
0.45373964309692383
826
225
0.23789143562316895
822
224
0.22194266319274902
809
225
0.2386925220489502
798
216
0.11724162101745605
820
223
0.23773193359375
828
228
0.32773470878601074
824
225
0.349928617477417
810
228
0.2974390983581543
821
225
0.4178497791290283
812
225
0.3136453628540039
832
225
0.3941037654876709
825
221
0.34296655654907227
810
227
0.28303027153015137
818
224
0.43743419647216797
806
216
0.3040339946746826
805
224
0.2841372489929199
815
218
0.23773193359375
818
224
0.2899038791656494
