801
234
0.34296655654907227
825
223
0.4178497791290283
809
228
0.13397979736328125
824
226
0.4404900074005127
815
218
2.101827383041382
807
214
0.46883583068847656
812
218
0.2238633632659912
825
228
0.424821138381958
825
223
0.2905149459838867
810
228
0.40259885787963867
820
222
0.27640819549560547
801
234
0.23789143562316895
817
220
0.20854854583740234
809
228
0.11724162101745605
822
224
0.4550607204437256
806
216
0.35134100914001465
810
228
0.49951839447021484
811
223
0.2230989933013916
809
228
0.4628586769104004
824
226
0.4628586769104004
811
225
0.43256258964538574
822
224
0.36464452743530273
810
217
0.49951839447021484
805
224
0.3040339946746826
820
224
0.49951839447021484
821
225
0.36541175842285156
806
232
0.43743419647216797
815
218
0.49951839447021484
814
236
0.2543468475341797
805
225
2.101827383041382
811
224
0.4404900074005127
821
225
0.46260976791381836
825
220
0.34296655654907227
814
236
0.2543468475341797
820
222
0.20116329193115234
811
223
0.2899038791656494
820
222
0.3941037654876709
811
227
0.3136453628540039
822
224
0.45373964309692383
803
228
0.4170372486114502
812
227
0.36541175842285156
810
227
0.2238633632659912
824
226
0.22263860702514648
824
226
0.11724162101745605
810
227
0.1489119529724121
826
223
0.40259885787963867
825
228
0.4170372486114502
799
218
0.1489119529724121
814
236
0.35134100914001465
801
234
0.2899038791656494
826
223
0.424821138381958
820
223
0.28303027153015137
816
216
0.1489119529724121
806
216
0.4768993854522705
811
225
0.2388594150543213
809
228
0.4768993854522705
825
220
0.19437551498413086
820
222
0.20116329193115234
812
218
0.4178497791290283
809
228
0.4775991439819336
829
220
0.40259885787963867
822
217
0.3281247615814209
806
228
0.33531880378723145
798
216
0.4170372486114502
806
228
0.27640819549560547
803
228
0.40259885787963867
824
219
0.22194266319274902
810
217
0.424821138381958
811
223
0.46260976791381836
802
225
0.22874832153320312
824
227
0.2388594150543213
813
222
0.1931300163269043
825
228
0.32773470878601074
824
225
0.2905149459838867
807
214
0.21548843383789062
824
219
0.424821138381958
823
219
0.2905149459838867
807
214
0.4628586769104004
832
225
0.26784300804138184
806
228
0.2230989933013916
811
223
0.29158639907836914
811
226
0.1931300163269043
805
224
0.4768993854522705
813
222
0.1489119529724121
809
225
0.3040339946746826
811
224
0.3356499671936035
811
224
0.21596145629882812
824
225
0.49951839447021484
806
216
0.43743419647216797
825
221
0.2238633632659912
806
223
0.2974390983581543
825
223
0.23082423210144043
814
224
0.23773193359375
810
228
0.349928617477417
826
223
0.36464452743530273
811
224
0.4244043827056885
811
225
0.30504631996154785
802
225
0.33531880378723145
814
236
0.21548843383789062
811
227
0.30504631996154785
813
222
0.4248077869415283
821
225
0.27640819549560547
805
228
0.3281247615814209
806
232
0.2238633632659912
811
224
0.36464452743530273
806
232
0.2905149459838867
820
222
0.2905149459838867
813
222
0.2841372489929199
823
226
0.2230989933013916
824
225
0.23773193359375
811
227
0.3136453628540039
802
225
0.4097411632537842
820
223
0.36464452743530273
823
219
0.35134100914001465
807
214
0.4628586769104004
825
220
0.23082423210144043
805
225
0.13397979736328125
820
224
0.46260976791381836
805
225
0.35134100914001465
812
218
0.46205973625183105
812
225
0.2974390983581543
824
227
0.49951839447021484
826
225
0.36464452743530273
825
221
0.2841372489929199
826
225
0.20116329193115234
825
228
0.1931300163269043
805
228
0.19437551498413086
810
217
0.20116329193115234
826
223
0.29158639907836914
816
216
0.349928617477417
828
228
0.21596145629882812
812
225
0.2238633632659912
826
225
0.28303027153015137
806
216
0.20854854583740234
806
228
0.43256258964538574
810
228
0.4628586769104004
806
216
0.3136453628540039
813
222
0.2898828983306885
806
232
0.25313615798950195
810
223
0.2974390983581543
811
225
0.4248077869415283
813
222
0.21596145629882812
832
225
0.36541175842285156
825
221
0.4404900074005127
814
236
0.4404900074005127
812
218
0.2386925220489502
818
225
0.26784300804138184
814
236
0.2898828983306885
812
225
0.49951839447021484
826
223
0.1931300163269043
823
219
0.4404900074005127
812
218
0.4248077869415283
810
227
0.30504631996154785
812
225
0.25313615798950195
805
228
0.22874832153320312
825
228
0.2386925220489502
811
226
0.2543468475341797
798
216
0.349928617477417
825
220
0.46883583068847656
825
220
0.27640819549560547
817
220
0.1931300163269043
805
225
0.4248077869415283
825
220
0.43743419647216797
812
227
0.28287649154663086
806
216
0.28287649154663086
815
219
0.4620070457458496
813
222
0.3281247615814209
829
220
0.4404900074005127
805
225
0.2238633632659912
824
227
0.43256258964538574
825
228
0.28303027153015137
810
227
0.2543468475341797
807
214
0.22194266319274902
803
228
0.46205973625183105
810
217
0.2230989933013916
824
227
0.4248077869415283
832
225
0.28287649154663086
811
224
0.23773193359375
816
216
0.43256258964538574
802
225
0.32773470878601074
810
227
0.21555137634277344
824
227
0.4620070457458496
825
220
0.22263860702514648
810
228
0.3356499671936035
819
228
0.42380285263061523
801
234
0.13397979736328125
798
216
0.3941037654876709
822
224
0.43743419647216797
826
225
0.28303027153015137
810
223
0.22874832153320312
818
224
0.2230989933013916
802
225
0.28287649154663086
802
225
0.20116329193115234
809
228
0.34296655654907227
825
228
0.4170372486114502
810
226
0.35134100914001465
802
225
0.424821138381958
828
228
0.22194266319274902
807
214
0.36464452743530273
818
224
0.28303027153015137
824
219
0.29158639907836914
812
225
0.23773193359375
812
227
0.20116329193115234
805
225
0.4775991439819336
821
225
0.2388594150543213
813
222
0.23082423210144043
820
227
0.3941037654876709
818
225
0.1489119529724121
829
220
0.28287649154663086
826
223
0.28303027153015137
813
222
0.43256258964538574
814
236
0.2238633632659912
824
227
0.2898828983306885
812
225
0.4178497791290283
823
219
0.36541175842285156
824
219
0.42380285263061523
823
226
0.2898828983306885
820
222
0.2388594150543213
811
226
0.13397979736328125
824
227
0.22263860702514648
807
214
0.22874832153320312
805
225
0.45373964309692383
822
217
0.2905149459838867
822
217
0.2388594150543213
807
214
0.20116329193115234
812
227
0.36541175842285156
819
228
0.40259885787963867
812
225
0.349928617477417
825
228
0.46883583068847656
811
226
0.19437551498413086
807
214
0.33531880378723145
815
218
0.23789143562316895
812
225
0.1489119529724121
829
220
0.2386925220489502
822
224
0.22263860702514648
799
218
0.3356499671936035
810
226
0.23773193359375
826
225
0.3040339946746826
817
220
0.349928617477417
811
226
0.30504631996154785
822
224
0.46883583068847656
807
214
0.28287649154663086
799
218
0.2388594150543213
809
228
0.21596145629882812
820
222
0.28287649154663086
820
222
0.29158639907836914
824
226
0.4248077869415283
812
218
0.11724162101745605
813
222
0.2543468475341797
813
222
0.43256258964538574
811
225
0.23773193359375
809
225
0.23789143562316895
811
224
0.28287649154663086
812
225
0.21548843383789062
824
226
0.3040339946746826
812
227
0.424821138381958
810
226
0.2898828983306885
802
225
0.46883583068847656
809
228
0.1931300163269043
826
225
0.21548843383789062
798
216
0.4178497791290283
817
220
0.2841372489929199
810
226
0.424821138381958
823
219
0.4170372486114502
825
228
0.2386925220489502
812
218
0.33531880378723145
816
216
0.36541175842285156
811
226
0.28303027153015137
811
223
0.21555137634277344
820
223
0.4404900074005127
828
228
0.32773470878601074
812
227
0.29158639907836914
825
221
0.4248077869415283
807
214
0.2676668167114258
812
227
0.21548843383789062
828
228
0.4248077869415283
799
218
0.46883583068847656
809
225
0.2388594150543213
820
222
0.35134100914001465
826
225
0.43256258964538574
805
224
0.25313615798950195
811
223
0.46883583068847656
823
219
0.43743419647216797
810
227
0.1931300163269043
810
228
0.4170372486114502
810
217
0.22194266319274902
811
225
2.101827383041382
801
234
0.46883583068847656
825
220
0.3941037654876709
824
227
0.30504631996154785
810
223
0.22874832153320312
811
224
0.20854854583740234
821
225
0.3040339946746826
826
225
0.29158639907836914
815
219
0.4248077869415283
799
218
0.42380285263061523
823
226
0.23789143562316895
810
227
0.22194266319274902
806
232
0.23082423210144043
809
225
0.49951839447021484
806
216
0.1931300163269043
811
225
0.21548843383789062
825
228
0.2898828983306885
812
225
0.49951839447021484
811
224
0.46205973625183105
811
223
0.2899038791656494
820
224
0.28303027153015137
812
218
0.4775991439819336
818
225
0.3281247615814209
832
225
0.46883583068847656
822
224
0.3136453628540039
805
225
0.4097411632537842
824
219
0.2974390983581543
828
228
0.21548843383789062
825
221
0.23082423210144043
799
218
0.22263860702514648
811
224
0.21548843383789062
803
228
0.13397979736328125
802
225
0.1489119529724121
822
217
0.2238633632659912
816
216
0.1931300163269043
820
223
0.2230989933013916
811
224
0.20854854583740234
818
225
0.25313615798950195
812
225
0.36541175842285156
805
224
0.36464452743530273
806
228
0.33531880378723145
819
228
0.20854854583740234
805
225
0.3040339946746826
811
227
0.2974390983581543
811
223
0.3941037654876709
828
228
0.11724162101745605
809
228
0.36541175842285156
809
225
0.2905149459838867
820
227
0.3356499671936035
822
224
0.2898828983306885
820
223
0.23773193359375
810
217
0.19437551498413086
805
225
0.349928617477417
822
224
0.29158639907836914
824
226
0.4097411632537842
805
224
0.4550607204437256
810
228
0.32773470878601074
820
227
0.23773193359375
818
224
0.4775991439819336
801
234
0.36541175842285156
813
222
0.43256258964538574
811
224
0.30504631996154785
810
226
0.1931300163269043
807
214
0.2898828983306885
825
228
0.2841372489929199
799
218
0.2676668167114258
805
228
0.3281247615814209
832
225
0.46883583068847656
828
228
0.34296655654907227
828
228
0.3040339946746826
799
218
0.32773470878601074
801
234
0.32773470878601074
820
224
0.36464452743530273
811
227
0.43256258964538574
802
225
0.46883583068847656
802
225
0.424821138381958
816
216
0.4628586769104004
823
219
0.46260976791381836
825
228
0.19437551498413086
799
218
0.22263860702514648
829
220
0.32773470878601074
817
220
0.29158639907836914
805
225
0.23773193359375
807
214
0.4768993854522705
822
217
0.46205973625183105
820
224
0.424821138381958
802
225
0.2238633632659912
802
225
0.2230989933013916
816
216
0.1489119529724121
802
225
0.26784300804138184
806
223
0.4550607204437256
820
223
0.28303027153015137
825
223
0.4097411632537842
806
232
0.4178497791290283
817
220
0.2676668167114258
805
228
0.4620070457458496
809
228
0.2974390983581543
823
226
0.2238633632659912
824
225
0.35134100914001465
825
223
0.1489119529724121
811
225
0.2905149459838867
819
228
0.22874832153320312
801
234
0.2905149459838867
799
218
0.46883583068847656
812
218
0.40259885787963867
816
216
0.22263860702514648
806
232
0.40259885787963867
825
221
0.4550607204437256
798
216
0.28287649154663086
811
224
0.11724162101745605
822
224
0.28287649154663086
805
224
0.34296655654907227
820
223
0.4178497791290283
812
225
0.23773193359375
