815
219
0.4248077869415283
810
217
0.4620070457458496
822
217
0.46205973625183105
810
226
0.23789143562316895
828
228
0.40259885787963867
824
219
0.21555137634277344
821
225
0.35134100914001465
815
219
0.22874832153320312
820
224
0.2974390983581543
822
217
0.49951839447021484
820
222
0.23789143562316895
825
228
0.3941037654876709
822
217
0.46883583068847656
798
216
0.40259885787963867
812
225
0.4170372486114502
815
218
0.23789143562316895
822
217
0.3040339946746826
805
224
0.21548843383789062
828
228
0.23773193359375
805
228
0.23789143562316895
809
228
0.4178497791290283
807
214
0.33531880378723145
825
220
0.3040339946746826
820
222
0.33531880378723145
824
226
0.2230989933013916
812
225
0.4404900074005127
811
223
0.35134100914001465
811
227
0.4768993854522705
815
218
0.2899038791656494
803
228
2.101827383041382
816
216
0.3136453628540039
815
219
0.36541175842285156
832
225
0.2841372489929199
826
225
0.34296655654907227
824
227
0.22194266319274902
815
218
0.46883583068847656
823
226
0.23789143562316895
801
234
0.35134100914001465
811
223
0.30504631996154785
828
228
0.43743419647216797
812
218
0.23082423210144043
829
220
0.4170372486114502
818
225
0.21596145629882812
812
218
0.34296655654907227
805
228
0.46205973625183105
814
224
0.2388594150543213
832
225
0.26784300804138184
810
217
2.101827383041382
801
234
0.4550607204437256
815
218
0.43256258964538574
815
219
0.43256258964538574
823
226
0.28303027153015137
824
226
0.46260976791381836
811
223
0.23789143562316895
811
225
0.32773470878601074
806
216
0.23789143562316895
822
224
0.4178497791290283
824
226
0.32773470878601074
809
228
0.4170372486114502
812
218
0.36541175842285156
811
227
0.2841372489929199
801
234
0.2238633632659912
818
224
0.23082423210144043
825
220
0.11724162101745605
805
225
0.28287649154663086
819
228
0.45373964309692383
811
226
0.26784300804138184
806
228
0.4178497791290283
814
236
0.4550607204437256
812
218
0.34296655654907227
826
223
0.4628586769104004
806
228
0.424821138381958
832
225
0.23789143562316895
814
224
0.28303027153015137
812
225
0.4775991439819336
825
228
0.33531880378723145
818
225
0.11724162101745605
825
223
0.2841372489929199
826
225
0.21596145629882812
817
220
0.43256258964538574
818
224
0.4248077869415283
805
224
0.23773193359375
803
228
0.35134100914001465
809
225
0.2543468475341797
811
227
0.45373964309692383
822
224
0.22263860702514648
821
225
0.11724162101745605
824
225
0.30504631996154785
806
228
0.1931300163269043
811
223
0.21596145629882812
799
218
0.35134100914001465
822
224
0.49951839447021484
825
223
0.21548843383789062
810
223
0.23789143562316895
805
224
0.2898828983306885
825
221
0.2543468475341797
820
223
0.26784300804138184
829
220
0.4768993854522705
803
228
0.2543468475341797
812
227
0.4768993854522705
829
220
0.46883583068847656
822
224
0.21596145629882812
799
218
0.43743419647216797
805
224
0.3281247615814209
809
228
0.2388594150543213
811
225
0.4178497791290283
816
216
0.34296655654907227
809
225
0.4550607204437256
814
236
0.35134100914001465
826
223
0.23773193359375
832
225
0.29158639907836914
821
225
0.4178497791290283
824
219
0.13397979736328125
819
228
0.4775991439819336
806
228
0.28303027153015137
816
216
0.29158639907836914
812
218
0.4244043827056885
824
225
2.101827383041382
798
216
0.46260976791381836
822
224
0.22263860702514648
815
218
0.45373964309692383
814
224
0.4244043827056885
805
225
0.29158639907836914
810
217
0.2386925220489502
813
222
0.45373964309692383
809
228
0.4628586769104004
805
228
0.4097411632537842
803
228
0.2905149459838867
802
225
0.45373964309692383
799
218
0.33531880378723145
811
227
0.35134100914001465
824
226
0.43743419647216797
806
216
0.33531880378723145
823
226
0.4170372486114502
814
236
0.4628586769104004
822
224
0.3136453628540039
806
232
0.1931300163269043
820
227
0.349928617477417
806
223
0.45373964309692383
825
223
0.21548843383789062
810
217
0.19437551498413086
823
226
0.21555137634277344
806
228
0.21555137634277344
826
223
0.34296655654907227
820
222
0.42380285263061523
817
220
0.22263860702514648
832
225
2.101827383041382
819
228
0.34296655654907227
824
227
0.42380285263061523
810
228
0.3356499671936035
811
226
0.19437551498413086
810
227
0.46205973625183105
823
219
2.101827383041382
822
224
0.49951839447021484
805
228
0.2841372489929199
824
227
0.3136453628540039
828
228
0.2905149459838867
811
227
0.2841372489929199
829
220
0.29158639907836914
826
223
0.22194266319274902
806
232
0.4768993854522705
826
225
0.4620070457458496
813
222
0.1489119529724121
811
227
0.2676668167114258
825
221
0.424821138381958
825
221
0.23773193359375
798
216
0.23773193359375
805
224
0.34296655654907227
817
220
0.23789143562316895
812
225
0.2974390983581543
828
228
0.25313615798950195
825
228
0.46205973625183105
824
226
0.36464452743530273
806
216
0.28287649154663086
810
227
0.45373964309692383
802
225
0.4404900074005127
799
218
0.19437551498413086
829
220
0.2899038791656494
817
220
0.26784300804138184
799
218
0.33531880378723145
812
218
0.19437551498413086
807
214
0.46260976791381836
809
228
0.4178497791290283
798
216
0.22874832153320312
820
227
0.32773470878601074
826
225
0.26784300804138184
812
225
0.4248077869415283
824
227
0.1931300163269043
832
225
0.4620070457458496
806
223
0.3356499671936035
801
234
0.23773193359375
812
227
0.4170372486114502
820
224
0.2386925220489502
825
223
0.4628586769104004
825
221
0.349928617477417
832
225
0.30504631996154785
818
224
0.23789143562316895
815
218
0.1931300163269043
826
223
0.4170372486114502
825
223
0.36541175842285156
820
224
0.20116329193115234
824
225
0.2238633632659912
810
223
0.49951839447021484
814
224
0.28287649154663086
806
216
0.21555137634277344
824
225
0.25313615798950195
810
223
0.20854854583740234
810
217
0.424821138381958
810
227
0.4170372486114502
820
222
0.46883583068847656
818
224
0.1489119529724121
810
228
0.22263860702514648
811
227
0.22263860702514648
816
216
0.23773193359375
815
219
0.2676668167114258
824
226
0.2905149459838867
812
218
0.2905149459838867
824
219
0.4248077869415283
823
226
0.349928617477417
822
224
0.34296655654907227
832
225
2.101827383041382
814
224
0.2905149459838867
814
224
0.349928617477417
826
225
0.25313615798950195
818
224
0.4248077869415283
806
223
0.13397979736328125
811
224
0.2905149459838867
809
228
0.20116329193115234
823
219
0.46883583068847656
811
223
0.36464452743530273
806
232
0.22874832153320312
810
228
0.36464452743530273
810
217
0.13397979736328125
812
225
0.4628586769104004
799
218
0.42380285263061523
820
222
0.3040339946746826
805
224
0.22194266319274902
798
216
0.22874832153320312
812
227
0.4628586769104004
812
225
0.28303027153015137
825
220
0.4768993854522705
810
217
0.349928617477417
799
218
0.2905149459838867
805
228
0.3136453628540039
806
223
0.3941037654876709
810
223
0.28287649154663086
828
228
0.4768993854522705
807
214
0.46883583068847656
824
227
0.424821138381958
806
228
0.2676668167114258
809
225
0.22194266319274902
817
220
0.2974390983581543
832
225
0.23082423210144043
810
228
0.2543468475341797
805
228
0.23789143562316895
810
217
0.34296655654907227
824
226
0.4775991439819336
807
214
0.34296655654907227
820
222
0.33531880378723145
805
228
0.4248077869415283
814
224
0.27640819549560547
810
227
0.4620070457458496
803
228
0.36464452743530273
820
227
0.4620070457458496
811
223
0.21596145629882812
812
227
0.28287649154663086
832
225
0.43743419647216797
815
219
0.49951839447021484
825
221
0.4170372486114502
823
226
0.2230989933013916
825
220
0.30504631996154785
825
223
0.23789143562316895
806
232
0.4244043827056885
812
225
0.42380285263061523
814
224
2.101827383041382
809
228
0.36541175842285156
828
228
0.13397979736328125
806
223
0.49951839447021484
812
227
0.36464452743530273
818
225
0.29158639907836914
810
223
0.49951839447021484
811
224
0.4248077869415283
811
225
0.4170372486114502
810
217
0.3941037654876709
806
216
0.424821138381958
811
226
0.4550607204437256
816
216
0.23082423210144043
815
218
0.2841372489929199
806
223
0.46883583068847656
824
227
0.43256258964538574
823
226
0.45373964309692383
826
223
0.4768993854522705
820
227
0.4620070457458496
807
214
0.4628586769104004
821
225
0.34296655654907227
805
225
0.4244043827056885
812
218
0.32773470878601074
818
225
0.46260976791381836
824
227
0.349928617477417
826
225
0.2841372489929199
825
221
0.46883583068847656
824
226
0.3356499671936035
810
227
0.46205973625183105
828
228
0.22263860702514648
816
216
0.21596145629882812
806
223
0.29158639907836914
803
228
0.21555137634277344
824
225
0.3136453628540039
814
224
0.2543468475341797
816
216
0.49951839447021484
809
225
0.2230989933013916
822
217
0.3941037654876709
810
226
0.3941037654876709
826
223
0.21548843383789062
823
219
0.22263860702514648
828
228
0.4620070457458496
829
220
0.22263860702514648
815
219
0.29158639907836914
811
225
0.28303027153015137
832
225
0.4404900074005127
826
223
0.25313615798950195
828
228
0.2898828983306885
820
223
0.36541175842285156
816
216
0.3281247615814209
810
226
0.25313615798950195
799
218
0.2974390983581543
803
228
0.2230989933013916
818
224
0.2230989933013916
806
223
0.2974390983581543
817
220
0.2898828983306885
813
222
0.40259885787963867
816
216
0.2905149459838867
832
225
0.40259885787963867
820
224
0.3281247615814209
820
223
0.2543468475341797
820
224
0.36464452743530273
825
221
0.1931300163269043
826
225
0.46260976791381836
812
218
0.2841372489929199
825
221
0.46883583068847656
809
225
0.349928617477417
826
225
0.21548843383789062
810
227
0.349928617477417
832
225
0.3040339946746826
810
217
0.3040339946746826
805
224
0.36464452743530273
816
216
0.2899038791656494
819
228
0.46883583068847656
816
216
0.4775991439819336
818
224
0.49951839447021484
820
223
0.23082423210144043
822
217
0.3040339946746826
811
226
0.36464452743530273
810
227
0.3136453628540039
801
234
0.4628586769104004
822
217
0.2974390983581543
824
227
0.28287649154663086
814
224
0.23082423210144043
822
217
0.4244043827056885
811
226
0.21548843383789062
812
218
0.2386925220489502
810
223
0.29158639907836914
825
223
0.2899038791656494
801
234
0.4248077869415283
818
225
0.1931300163269043
823
219
0.13397979736328125
820
227
0.349928617477417
822
224
0.21555137634277344
813
222
0.28287649154663086
822
224
0.33531880378723145
810
223
0.4404900074005127
811
223
0.2905149459838867
811
224
0.1489119529724121
815
218
0.46883583068847656
826
225
0.2974390983581543
811
227
0.49951839447021484
810
226
0.20116329193115234
809
228
0.46260976791381836
823
219
0.20116329193115234
820
224
0.27640819549560547
809
228
0.2898828983306885
806
232
0.28287649154663086
825
220
0.2899038791656494
799
218
0.11724162101745605
816
216
0.20116329193115234
810
227
0.4178497791290283
810
217
0.4550607204437256
806
228
0.36541175842285156
803
228
0.2543468475341797
821
225
0.27640819549560547
822
224
0.27640819549560547
818
225
0.27640819549560547
801
234
0.4097411632537842
820
223
0.4620070457458496
822
217
0.30504631996154785
805
224
0.349928617477417
806
223
0.40259885787963867
802
225
0.3136453628540039
806
216
0.2388594150543213
809
225
0.4620070457458496
