798
216
0.2974390983581543
832
225
0.4775991439819336
801
234
2.101827383041382
815
218
0.42380285263061523
809
225
0.2974390983581543
810
217
0.28287649154663086
806
232
0.42380285263061523
813
222
0.4620070457458496
816
216
0.21596145629882812
826
223
0.19437551498413086
805
228
0.30504631996154785
821
225
0.2841372489929199
810
227
0.36464452743530273
806
216
0.32773470878601074
810
226
0.4178497791290283
812
227
0.46260976791381836
814
236
0.23789143562316895
811
226
0.21596145629882812
812
218
0.34296655654907227
814
236
0.4775991439819336
806
223
0.4628586769104004
812
218
0.4244043827056885
815
218
2.101827383041382
811
225
0.22263860702514648
805
224
0.22194266319274902
807
214
0.2898828983306885
811
227
0.46260976791381836
822
217
0.2676668167114258
824
227
0.22194266319274902
825
220
0.4775991439819336
810
228
0.2899038791656494
820
223
0.21548843383789062
818
224
0.22263860702514648
816
216
0.4248077869415283
820
224
0.42380285263061523
823
219
0.30504631996154785
822
217
0.4248077869415283
823
226
0.22874832153320312
823
226
0.36464452743530273
799
218
0.21555137634277344
806
216
0.3136453628540039
826
225
0.26784300804138184
798
216
0.424821138381958
805
224
0.36541175842285156
806
232
0.21596145629882812
811
227
0.23773193359375
823
219
0.22874832153320312
814
236
0.23789143562316895
820
223
0.45373964309692383
812
225
0.4768993854522705
811
227
0.3136453628540039
803
228
0.2676668167114258
824
225
0.34296655654907227
832
225
0.424821138381958
822
217
0.28303027153015137
802
225
0.43256258964538574
812
218
0.34296655654907227
820
227
0.23082423210144043
806
216
0.27640819549560547
810
227
0.23789143562316895
813
222
0.4768993854522705
829
220
0.3941037654876709
821
225
0.3941037654876709
805
228
0.1931300163269043
824
227
0.23773193359375
819
228
0.4550607204437256
810
217
0.33531880378723145
826
223
0.2899038791656494
817
220
0.21596145629882812
802
225
0.2899038791656494
805
224
0.2676668167114258
809
228
0.349928617477417
806
232
0.21596145629882812
806
216
0.29158639907836914
812
225
0.29158639907836914
818
224
0.4170372486114502
806
216
0.11724162101745605
820
227
0.4244043827056885
825
220
0.4628586769104004
811
223
0.40259885787963867
829
220
0.42380285263061523
825
221
0.424821138381958
824
226
0.13397979736328125
824
226
0.46883583068847656
823
226
0.2543468475341797
822
224
0.2841372489929199
829
220
0.424821138381958
820
222
0.11724162101745605
821
225
0.2898828983306885
806
223
0.4248077869415283
820
223
0.4620070457458496
806
228
0.19437551498413086
824
226
0.3136453628540039
820
222
0.27640819549560547
824
225
0.49951839447021484
813
222
0.43743419647216797
810
228
0.49951839447021484
798
216
0.23082423210144043
814
224
0.42380285263061523
820
222
0.4550607204437256
810
227
0.19437551498413086
811
225
0.25313615798950195
801
234
0.40259885787963867
832
225
0.21596145629882812
824
225
0.3136453628540039
824
219
0.349928617477417
829
220
0.45373964309692383
809
225
0.22263860702514648
826
225
0.32773470878601074
824
227
0.3941037654876709
824
219
0.46260976791381836
819
228
0.4550607204437256
803
228
0.20116329193115234
825
228
0.2974390983581543
832
225
0.22874832153320312
801
234
0.2238633632659912
811
227
0.35134100914001465
807
214
0.43256258964538574
810
223
0.20854854583740234
806
223
0.22194266319274902
810
223
0.424821138381958
815
218
0.4178497791290283
816
216
0.26784300804138184
814
236
0.21548843383789062
828
228
0.28303027153015137
810
217
0.2905149459838867
812
218
0.4628586769104004
805
228
0.11724162101745605
811
225
0.46883583068847656
810
228
0.3941037654876709
802
225
0.26784300804138184
820
227
0.43256258964538574
824
227
0.21548843383789062
820
223
0.4775991439819336
823
226
0.4628586769104004
816
216
0.13397979736328125
810
228
0.4097411632537842
810
228
0.11724162101745605
815
218
0.2388594150543213
820
223
0.34296655654907227
824
226
0.29158639907836914
820
222
0.28287649154663086
809
225
0.21548843383789062
817
220
0.3281247615814209
810
228
0.20116329193115234
818
225
0.36464452743530273
812
227
0.4628586769104004
811
224
0.2388594150543213
812
218
0.21596145629882812
819
228
0.4620070457458496
820
222
0.4170372486114502
818
224
0.43743419647216797
810
226
0.3040339946746826
819
228
0.4244043827056885
798
216
0.22194266319274902
823
219
0.3136453628540039
823
226
0.4097411632537842
811
225
0.2238633632659912
822
217
0.1489119529724121
798
216
0.35134100914001465
811
225
0.2899038791656494
818
225
0.4404900074005127
832
225
0.2974390983581543
820
227
0.4550607204437256
810
217
0.4628586769104004
806
232
0.4620070457458496
811
226
0.2974390983581543
814
236
0.4178497791290283
823
226
0.46260976791381836
805
224
0.20854854583740234
815
219
0.2905149459838867
801
234
0.1931300163269043
811
223
0.3941037654876709
824
226
0.43256258964538574
820
224
0.4178497791290283
801
234
0.43743419647216797
810
217
0.2898828983306885
805
225
2.101827383041382
812
218
0.42380285263061523
809
228
0.29158639907836914
811
223
0.3941037654876709
817
220
0.21555137634277344
810
223
0.4550607204437256
806
232
0.28287649154663086
806
223
0.2905149459838867
824
226
0.4248077869415283
821
225
0.21548843383789062
806
232
0.3941037654876709
806
228
0.4170372486114502
806
228
0.4620070457458496
826
223
0.30504631996154785
806
216
0.4404900074005127
824
225
0.22263860702514648
806
228
0.22263860702514648
824
226
0.26784300804138184
825
220
0.4768993854522705
811
226
0.349928617477417
809
225
0.33531880378723145
818
224
0.2905149459838867
798
216
0.11724162101745605
803
228
0.2898828983306885
820
224
0.3040339946746826
811
225
0.49951839447021484
816
216
0.40259885787963867
819
228
0.4628586769104004
798
216
0.3281247615814209
815
218
0.3281247615814209
814
236
0.25313615798950195
798
216
0.4550607204437256
811
223
0.23082423210144043
818
224
0.2898828983306885
822
224
0.4768993854522705
812
218
0.35134100914001465
825
220
0.34296655654907227
810
228
0.25313615798950195
810
228
0.3941037654876709
798
216
0.34296655654907227
803
228
0.2676668167114258
811
227
0.28287649154663086
832
225
0.43256258964538574
825
221
0.11724162101745605
820
223
0.46260976791381836
820
222
0.46260976791381836
809
228
0.2238633632659912
820
222
0.424821138381958
812
227
0.49951839447021484
824
219
0.23773193359375
809
225
0.4620070457458496
828
228
0.25313615798950195
816
216
0.20854854583740234
825
221
0.13397979736328125
832
225
0.2386925220489502
814
224
0.27640819549560547
811
227
0.4097411632537842
822
224
0.1489119529724121
816
216
0.36464452743530273
824
225
0.4550607204437256
825
228
0.45373964309692383
810
217
0.23773193359375
815
218
0.22194266319274902
811
227
0.22874832153320312
799
218
0.28303027153015137
820
222
0.2386925220489502
823
219
0.4244043827056885
823
219
0.2974390983581543
815
219
0.43256258964538574
814
224
0.29158639907836914
824
225
0.33531880378723145
820
222
0.2230989933013916
817
220
0.4404900074005127
820
222
0.13397979736328125
801
234
0.36464452743530273
825
221
0.2899038791656494
826
225
0.21548843383789062
806
228
0.36541175842285156
811
224
0.35134100914001465
801
234
0.4768993854522705
822
217
0.3136453628540039
810
223
0.2238633632659912
811
225
0.3281247615814209
832
225
0.23789143562316895
825
223
0.20854854583740234
812
225
0.4768993854522705
829
220
0.36464452743530273
807
214
0.3040339946746826
815
219
0.22263860702514648
810
217
0.2238633632659912
825
228
0.46205973625183105
801
234
0.13397979736328125
802
225
0.4248077869415283
813
222
0.2543468475341797
811
227
0.4097411632537842
819
228
0.4404900074005127
823
226
0.43256258964538574
811
225
0.2905149459838867
811
225
0.22194266319274902
806
223
0.46260976791381836
811
227
0.27640819549560547
806
232
0.4244043827056885
810
217
0.4178497791290283
806
216
0.23082423210144043
801
234
0.4620070457458496
806
223
0.2905149459838867
809
228
0.21555137634277344
806
216
0.3281247615814209
814
236
0.19437551498413086
822
224
0.45373964309692383
817
220
2.101827383041382
810
226
0.25313615798950195
824
226
0.2899038791656494
810
227
0.25313615798950195
806
232
0.1931300163269043
806
228
0.3136453628540039
810
226
0.2238633632659912
803
228
0.21548843383789062
805
224
0.32773470878601074
805
228
0.22194266319274902
812
218
0.36464452743530273
826
225
0.3040339946746826
824
219
0.4768993854522705
805
224
0.40259885787963867
805
228
0.33531880378723145
815
218
0.1489119529724121
828
228
0.2899038791656494
822
224
0.1931300163269043
824
227
0.20854854583740234
820
224
0.1489119529724121
809
225
0.28303027153015137
806
228
0.3136453628540039
814
236
0.23789143562316895
832
225
0.2898828983306885
825
221
0.1489119529724121
815
218
0.22874832153320312
815
218
0.21596145629882812
824
227
0.43256258964538574
807
214
0.21596145629882812
825
221
0.21555137634277344
825
220
0.22874832153320312
825
223
0.28287649154663086
806
223
0.4550607204437256
820
222
0.2543468475341797
810
226
0.3281247615814209
826
225
0.424821138381958
824
227
0.2543468475341797
811
223
0.3941037654876709
824
227
0.349928617477417
810
228
0.13397979736328125
828
228
0.3941037654876709
811
223
0.4628586769104004
825
221
0.28287649154663086
811
226
0.4248077869415283
824
226
0.46205973625183105
805
228
0.29158639907836914
811
223
0.21548843383789062
810
223
0.21555137634277344
820
222
0.49951839447021484
805
228
0.4244043827056885
801
234
0.2841372489929199
825
228
0.3040339946746826
810
228
0.2238633632659912
807
214
0.22874832153320312
811
225
0.23773193359375
820
223
0.4244043827056885
822
224
0.35134100914001465
810
227
0.32773470878601074
812
218
0.4170372486114502
806
223
0.20116329193115234
810
223
0.2898828983306885
822
224
0.36464452743530273
806
223
0.29158639907836914
811
227
0.4178497791290283
819
228
0.4550607204437256
806
228
2.101827383041382
807
214
0.424821138381958
811
226
0.45373964309692383
825
220
0.19437551498413086
811
224
0.42380285263061523
820
222
0.2238633632659912
826
225
0.22194266319274902
826
223
0.4248077869415283
812
225
0.4775991439819336
829
220
0.22874832153320312
825
223
0.3356499671936035
803
228
0.4620070457458496
805
224
0.20854854583740234
806
228
0.1931300163269043
799
218
0.3356499671936035
820
223
0.45373964309692383
826
223
0.2974390983581543
818
224
0.2230989933013916
805
224
0.20116329193115234
807
214
0.4404900074005127
811
225
0.22194266319274902
810
217
0.2388594150543213
826
225
0.43743419647216797
798
216
0.4248077869415283
811
223
0.424821138381958
822
224
0.2974390983581543
829
220
0.19437551498413086
815
218
0.2386925220489502
806
216
0.4248077869415283
828
228
0.49951839447021484
829
220
0.33531880378723145
805
225
0.46260976791381836
809
225
0.36464452743530273
825
220
0.46260976791381836
818
224
0.2898828983306885
825
221
0.46205973625183105
803
228
0.4775991439819336
805
224
0.34296655654907227
826
225
0.29158639907836914
805
224
0.3136453628540039
805
224
0.2388594150543213
825
228
0.4244043827056885
832
225
0.4178497791290283
810
226
0.22263860702514648
806
232
0.32773470878601074
819
228
0.19437551498413086
826
225
0.49951839447021484
811
226
0.35134100914001465
