810
226
0.4097411632537842
812
225
0.1489119529724121
825
220
0.33531880378723145
820
224
0.4404900074005127
811
227
2.101827383041382
820
223
0.34296655654907227
813
222
0.28287649154663086
824
226
0.4620070457458496
810
227
0.26784300804138184
824
225
0.46205973625183105
820
227
0.23082423210144043
811
223
0.36541175842285156
821
225
0.2388594150543213
824
225
0.2899038791656494
806
216
0.36541175842285156
810
217
0.33531880378723145
811
227
0.34296655654907227
806
228
0.28303027153015137
824
227
0.2386925220489502
811
226
0.1489119529724121
822
217
0.36464452743530273
811
226
0.4620070457458496
807
214
0.30504631996154785
810
226
0.22874832153320312
814
224
0.26784300804138184
822
224
0.2898828983306885
823
226
0.27640819549560547
826
223
0.33531880378723145
811
223
0.2841372489929199
824
225
0.28303027153015137
820
222
0.3040339946746826
824
219
0.2388594150543213
814
224
0.46883583068847656
820
222
0.33531880378723145
813
222
0.1931300163269043
814
224
0.43256258964538574
805
224
0.2386925220489502
824
219
0.23773193359375
811
223
0.49951839447021484
826
225
0.22194266319274902
806
228
0.1931300163269043
801
234
0.22263860702514648
825
228
0.35134100914001465
820
222
0.32773470878601074
822
224
0.20854854583740234
803
228
0.2841372489929199
819
228
0.424821138381958
824
227
0.4248077869415283
819
228
0.349928617477417
811
227
0.28303027153015137
805
228
0.2388594150543213
832
225
0.4248077869415283
811
225
0.25313615798950195
817
220
0.2386925220489502
818
225
0.46260976791381836
824
226
0.4404900074005127
825
223
0.45373964309692383
811
224
0.4550607204437256
826
225
0.23082423210144043
805
225
0.2388594150543213
818
225
0.4097411632537842
829
220
0.36541175842285156
822
224
0.3356499671936035
811
224
0.2676668167114258
810
223
0.23773193359375
821
225
0.349928617477417
819
228
0.28287649154663086
826
223
0.45373964309692383
822
217
0.23082423210144043
823
226
0.3281247615814209
799
218
0.4628586769104004
799
218
0.4244043827056885
805
224
2.101827383041382
826
223
0.2898828983306885
801
234
0.2386925220489502
815
218
0.29158639907836914
826
223
0.32773470878601074
806
228
0.26784300804138184
806
223
0.40259885787963867
820
223
0.4097411632537842
820
222
0.13397979736328125
807
214
0.35134100914001465
805
228
0.4550607204437256
820
222
0.19437551498413086
825
221
0.46260976791381836
811
224
0.2386925220489502
805
228
0.20854854583740234
824
226
0.1931300163269043
806
223
0.22194266319274902
801
234
0.4775991439819336
817
220
0.4620070457458496
824
226
0.2974390983581543
826
223
0.26784300804138184
807
214
0.35134100914001465
810
227
0.34296655654907227
832
225
0.22194266319274902
823
226
0.43256258964538574
824
225
0.2898828983306885
812
227
0.4550607204437256
812
225
0.40259885787963867
814
236
0.2899038791656494
824
219
0.4628586769104004
825
220
0.4775991439819336
824
219
0.46205973625183105
822
217
0.2905149459838867
820
227
0.32773470878601074
810
217
0.2676668167114258
810
223
0.46205973625183105
811
224
0.26784300804138184
822
224
0.22263860702514648
806
216
0.30504631996154785
815
218
0.43256258964538574
825
221
0.21548843383789062
816
216
0.20116329193115234
815
219
0.36464452743530273
811
224
0.32773470878601074
825
221
0.13397979736328125
816
216
0.424821138381958
811
224
0.29158639907836914
815
219
0.4244043827056885
817
220
0.4768993854522705
818
224
0.28287649154663086
801
234
0.29158639907836914
809
228
0.4628586769104004
820
223
0.3281247615814209
814
224
0.27640819549560547
806
216
0.1489119529724121
820
224
0.30504631996154785
806
223
0.3136453628540039
811
226
0.42380285263061523
810
228
0.2841372489929199
812
218
0.13397979736328125
815
218
0.11724162101745605
802
225
0.3136453628540039
810
228
0.40259885787963867
828
228
0.46205973625183105
825
223
0.20116329193115234
810
217
0.1931300163269043
819
228
0.25313615798950195
811
226
0.2543468475341797
812
225
0.34296655654907227
809
228
0.11724162101745605
805
228
0.2238633632659912
809
228
0.2230989933013916
820
224
0.35134100914001465
811
227
0.4244043827056885
820
224
0.2388594150543213
825
223
0.20116329193115234
811
224
0.3356499671936035
817
220
0.32773470878601074
818
225
0.43256258964538574
809
228
0.1931300163269043
817
220
0.40259885787963867
825
221
0.22874832153320312
815
218
0.33531880378723145
819
228
0.36541175842285156
803
228
0.2841372489929199
820
227
0.46260976791381836
824
226
0.32773470878601074
829
220
0.27640819549560547
826
223
0.21548843383789062
824
227
0.2841372489929199
820
227
0.46205973625183105
823
219
0.4248077869415283
818
225
0.3040339946746826
820
222
0.13397979736328125
810
226
0.2898828983306885
814
236
0.3941037654876709
829
220
0.3040339946746826
812
225
0.2676668167114258
824
225
0.42380285263061523
812
218
0.46205973625183105
806
216
0.23773193359375
803
228
0.3136453628540039
825
228
0.4248077869415283
806
216
0.42380285263061523
799
218
0.4628586769104004
811
225
0.22263860702514648
820
224
0.20854854583740234
809
228
0.4628586769104004
805
225
2.101827383041382
825
223
0.35134100914001465
810
217
0.22194266319274902
823
219
0.49951839447021484
826
225
0.25313615798950195
820
222
0.4628586769104004
820
223
0.36541175842285156
812
225
0.11724162101745605
801
234
0.3136453628540039
806
223
0.29158639907836914
816
216
0.4768993854522705
807
214
0.21555137634277344
810
226
0.33531880378723145
811
223
0.22263860702514648
806
228
0.46260976791381836
824
227
0.4775991439819336
810
228
0.30504631996154785
825
220
0.4170372486114502
826
223
0.23773193359375
806
216
0.2676668167114258
805
225
0.2676668167114258
809
228
2.101827383041382
810
227
0.32773470878601074
803
228
0.4248077869415283
820
227
0.29158639907836914
826
225
0.2841372489929199
802
225
0.349928617477417
821
225
0.1931300163269043
820
222
0.3356499671936035
807
214
0.4775991439819336
823
226
0.3356499671936035
813
222
0.2238633632659912
811
226
0.4550607204437256
820
223
0.30504631996154785
820
227
0.3941037654876709
811
225
0.2905149459838867
812
218
0.28303027153015137
821
225
0.2238633632659912
820
227
0.2676668167114258
811
226
0.2899038791656494
809
225
0.43256258964538574
825
223
0.36464452743530273
825
220
0.21548843383789062
820
222
0.45373964309692383
824
219
0.23082423210144043
817
220
0.26784300804138184
813
222
0.2898828983306885
806
232
0.2386925220489502
820
227
0.34296655654907227
812
227
0.2238633632659912
811
227
0.49951839447021484
817
220
0.2905149459838867
824
219
0.2676668167114258
828
228
0.3136453628540039
820
222
0.20854854583740234
824
225
0.42380285263061523
810
217
0.22263860702514648
811
226
0.25313615798950195
815
219
0.3136453628540039
807
214
0.46883583068847656
814
224
0.2841372489929199
823
226
0.4097411632537842
823
226
0.33531880378723145
810
217
0.49951839447021484
826
225
0.2238633632659912
809
228
0.13397979736328125
806
223
0.23789143562316895
822
217
0.21548843383789062
826
225
0.4775991439819336
798
216
0.21596145629882812
812
225
0.3136453628540039
824
226
0.45373964309692383
819
228
0.4620070457458496
811
227
0.43743419647216797
815
218
0.2386925220489502
809
228
0.2899038791656494
823
219
0.2974390983581543
824
226
0.4097411632537842
813
222
0.4768993854522705
825
220
0.2230989933013916
818
225
0.4768993854522705
814
236
0.22194266319274902
805
224
0.21555137634277344
819
228
0.4775991439819336
812
225
0.21548843383789062
824
227
0.1931300163269043
799
218
0.32773470878601074
817
220
0.22263860702514648
803
228
0.2841372489929199
806
216
0.2388594150543213
801
234
0.13397979736328125
825
223
0.4170372486114502
819
228
0.25313615798950195
825
220
0.46205973625183105
801
234
0.34296655654907227
815
218
0.46883583068847656
817
220
0.22263860702514648
815
219
0.1489119529724121
806
223
0.22194266319274902
812
218
0.22263860702514648
812
227
0.36541175842285156
819
228
0.28287649154663086
811
224
0.1931300163269043
824
226
0.1931300163269043
810
217
0.23789143562316895
818
224
0.23789143562316895
828
228
0.4244043827056885
825
228
0.2386925220489502
807
214
0.49951839447021484
805
224
0.2676668167114258
811
227
0.22263860702514648
809
228
0.3281247615814209
812
227
0.4775991439819336
820
223
0.4178497791290283
815
218
0.4768993854522705
810
227
0.22194266319274902
810
217
0.49951839447021484
828
228
0.23082423210144043
805
224
0.21548843383789062
820
227
0.4768993854522705
805
228
0.43256258964538574
810
228
0.4170372486114502
813
222
0.19437551498413086
810
217
0.2543468475341797
822
224
0.22194266319274902
810
217
0.23789143562316895
820
224
0.35134100914001465
814
224
0.19437551498413086
819
228
0.2974390983581543
805
225
0.22194266319274902
815
219
0.4550607204437256
798
216
0.4178497791290283
820
223
0.36541175842285156
825
223
0.4775991439819336
807
214
0.4178497791290283
810
227
0.34296655654907227
798
216
0.23789143562316895
805
224
0.1931300163269043
810
227
0.22263860702514648
832
225
0.27640819549560547
815
219
0.46205973625183105
820
227
0.26784300804138184
807
214
0.2899038791656494
819
228
0.2230989933013916
811
225
0.4248077869415283
829
220
0.349928617477417
801
234
0.45373964309692383
814
224
0.4170372486114502
809
225
0.36541175842285156
810
223
0.22874832153320312
801
234
0.25313615798950195
822
217
0.20116329193115234
809
228
0.2676668167114258
828
228
0.4404900074005127
819
228
0.3941037654876709
809
225
0.46883583068847656
815
218
0.32773470878601074
825
223
0.35134100914001465
812
225
0.30504631996154785
814
236
0.4628586769104004
810
228
0.40259885787963867
825
228
0.2974390983581543
814
224
0.35134100914001465
814
236
0.349928617477417
822
217
0.21555137634277344
806
232
0.22194266319274902
818
225
0.4628586769104004
811
226
2.101827383041382
811
226
0.36541175842285156
812
227
0.21555137634277344
806
223
0.28287649154663086
809
228
0.2899038791656494
825
228
0.46260976791381836
810
228
0.2386925220489502
811
227
0.3040339946746826
798
216
0.424821138381958
814
224
0.45373964309692383
806
216
0.2899038791656494
806
223
0.1931300163269043
832
225
0.45373964309692383
811
224
0.22263860702514648
811
227
0.1489119529724121
824
227
0.21596145629882812
823
226
0.27640819549560547
805
225
0.42380285263061523
805
228
0.4628586769104004
817
220
0.28303027153015137
814
224
0.3356499671936035
822
217
0.4248077869415283
815
218
0.2676668167114258
810
228
0.2905149459838867
810
223
0.4775991439819336
806
223
0.26784300804138184
823
226
0.3136453628540039
817
220
0.2974390983581543
826
223
0.3941037654876709
828
228
0.32773470878601074
812
227
0.25313615798950195
823
219
0.4404900074005127
818
224
0.46883583068847656
828
228
0.22194266319274902
826
225
0.28287649154663086
825
220
0.29158639907836914
814
224
0.2676668167114258
805
228
0.4248077869415283
815
219
0.1931300163269043
805
225
0.4097411632537842
815
218
0.2974390983581543
812
227
0.27640819549560547
812
218
0.22263860702514648
826
223
0.43256258964538574
811
223
0.43743419647216797
818
224
0.2676668167114258
814
236
0.43256258964538574
829
220
0.23773193359375
802
225
0.20116329193115234
806
223
0.2386925220489502
825
228
0.3040339946746826
822
217
0.22194266319274902
811
223
0.424821138381958
