810
228
0.349928617477417
802
225
0.2974390983581543
820
223
0.3281247615814209
823
226
0.11724162101745605
815
219
0.22263860702514648
822
224
0.36464452743530273
810
217
0.28303027153015137
824
219
0.2905149459838867
807
214
0.29158639907836914
825
221
0.4620070457458496
801
234
0.4244043827056885
809
228
0.2386925220489502
824
227
0.26784300804138184
803
228
0.35134100914001465
821
225
0.46260976791381836
810
226
0.3356499671936035
810
226
0.4620070457458496
824
227
0.29158639907836914
806
216
0.36541175842285156
829
220
0.1931300163269043
812
218
0.28287649154663086
809
228
0.2676668167114258
809
225
0.3281247615814209
826
225
0.21596145629882812
817
220
0.46205973625183105
816
216
0.23789143562316895
810
226
0.424821138381958
805
224
0.23773193359375
815
218
0.19437551498413086
820
223
0.23773193359375
798
216
0.25313615798950195
812
225
0.4775991439819336
799
218
0.26784300804138184
829
220
0.26784300804138184
826
225
0.23773193359375
812
225
0.32773470878601074
811
224
0.22874832153320312
812
218
0.23082423210144043
821
225
0.3281247615814209
820
227
0.4550607204437256
825
221
0.21596145629882812
813
222
0.4178497791290283
823
226
0.42380285263061523
824
225
0.1931300163269043
812
218
0.2899038791656494
825
223
0.45373964309692383
810
223
0.1489119529724121
805
224
0.424821138381958
822
217
0.2386925220489502
811
225
0.4768993854522705
826
225
0.2238633632659912
824
219
0.35134100914001465
806
223
0.4248077869415283
823
226
0.4550607204437256
810
217
0.25313615798950195
825
228
0.2543468475341797
820
222
0.2905149459838867
802
225
0.21596145629882812
825
221
0.36464452743530273
810
226
0.23789143562316895
805
225
0.35134100914001465
807
214
0.22263860702514648
811
223
0.36464452743530273
825
220
0.22874832153320312
813
222
0.2230989933013916
820
224
0.2543468475341797
812
227
0.2386925220489502
805
225
0.13397979736328125
806
216
0.28287649154663086
829
220
0.34296655654907227
806
223
0.20854854583740234
815
218
0.3136453628540039
825
220
0.22263860702514648
812
218
0.4248077869415283
815
218
0.46205973625183105
822
224
0.2974390983581543
816
216
0.32773470878601074
814
224
0.33531880378723145
829
220
0.29158639907836914
823
226
0.26784300804138184
826
225
0.22263860702514648
812
227
0.21596145629882812
809
228
0.32773470878601074
820
227
0.3136453628540039
812
227
0.22194266319274902
802
225
0.4097411632537842
811
227
0.22874832153320312
811
226
0.11724162101745605
810
223
0.43743419647216797
816
216
0.20116329193115234
828
228
0.19437551498413086
824
226
0.4620070457458496
825
228
0.43743419647216797
810
228
0.36541175842285156
824
225
0.3281247615814209
810
223
0.2905149459838867
824
226
0.4775991439819336
825
220
0.46205973625183105
805
228
0.45373964309692383
820
227
0.46260976791381836
806
232
0.4775991439819336
820
223
0.35134100914001465
825
220
0.2238633632659912
825
221
0.4248077869415283
822
224
0.36464452743530273
822
217
0.42380285263061523
828
228
0.46883583068847656
818
225
0.33531880378723145
810
226
0.33531880378723145
812
218
0.2543468475341797
820
222
0.29158639907836914
817
220
0.20116329193115234
814
224
0.4097411632537842
818
225
0.46883583068847656
816
216
0.19437551498413086
812
227
0.3040339946746826
807
214
0.26784300804138184
822
224
0.20116329193115234
806
216
0.29158639907836914
813
222
0.4244043827056885
820
227
0.30504631996154785
825
221
0.11724162101745605
810
226
0.36541175842285156
818
224
0.4628586769104004
822
224
0.2898828983306885
822
224
0.22194266319274902
828
228
0.35134100914001465
811
224
0.22263860702514648
822
224
0.21555137634277344
806
216
0.43256258964538574
824
226
0.19437551498413086
809
228
0.2841372489929199
810
226
0.34296655654907227
814
224
0.28303027153015137
822
224
0.30504631996154785
817
220
0.45373964309692383
825
221
0.4550607204437256
805
224
0.46205973625183105
809
225
0.35134100914001465
819
228
0.19437551498413086
806
223
0.23082423210144043
805
224
0.22263860702514648
806
228
0.4628586769104004
811
224
0.29158639907836914
812
218
0.1931300163269043
812
225
0.26784300804138184
820
223
0.22194266319274902
798
216
0.22194266319274902
810
217
0.27640819549560547
818
224
0.32773470878601074
809
228
0.2238633632659912
823
226
0.43256258964538574
811
223
0.2899038791656494
805
225
0.3281247615814209
824
226
0.4628586769104004
825
223
0.2238633632659912
815
218
0.4244043827056885
811
227
0.36464452743530273
820
223
0.36464452743530273
806
228
0.4768993854522705
820
227
0.32773470878601074
811
224
0.49951839447021484
825
221
0.2841372489929199
812
227
0.3356499671936035
810
217
0.4170372486114502
826
223
0.2543468475341797
821
225
0.29158639907836914
817
220
0.4775991439819336
814
224
0.27640819549560547
811
226
0.46883583068847656
805
224
0.29158639907836914
824
227
0.2974390983581543
806
216
0.11724162101745605
805
224
0.27640819549560547
821
225
0.2676668167114258
811
225
0.11724162101745605
818
225
0.3040339946746826
807
214
0.26784300804138184
810
217
0.43256258964538574
806
223
0.2898828983306885
806
223
0.45373964309692383
823
226
0.424821138381958
812
225
0.21548843383789062
824
225
0.3941037654876709
825
223
0.22194266319274902
820
222
0.23082423210144043
823
226
0.40259885787963867
807
214
0.33531880378723145
810
227
0.2899038791656494
799
218
0.22194266319274902
801
234
0.2388594150543213
801
234
0.2230989933013916
832
225
0.45373964309692383
820
222
0.28287649154663086
813
222
0.4097411632537842
806
223
0.2898828983306885
801
234
0.349928617477417
832
225
0.22263860702514648
806
216
0.27640819549560547
810
228
0.21548843383789062
798
216
0.2899038791656494
815
218
0.22874832153320312
806
228
0.21555137634277344
810
223
0.4404900074005127
822
217
0.4097411632537842
806
223
0.4620070457458496
805
224
0.2676668167114258
811
225
0.1931300163269043
801
234
0.2230989933013916
823
226
0.46883583068847656
828
228
0.27640819549560547
825
220
0.2898828983306885
810
228
0.36541175842285156
810
227
0.26784300804138184
809
228
0.4768993854522705
806
232
0.45373964309692383
798
216
0.46205973625183105
826
223
0.20116329193115234
820
223
0.3281247615814209
822
217
0.2974390983581543
824
227
0.2905149459838867
824
225
0.4620070457458496
813
222
0.13397979736328125
811
224
0.46205973625183105
814
236
0.2388594150543213
828
228
0.11724162101745605
815
218
0.3356499671936035
811
223
0.23773193359375
803
228
0.23773193359375
825
220
0.20116329193115234
822
217
0.21548843383789062
816
216
0.4248077869415283
820
222
0.11724162101745605
818
225
0.2898828983306885
822
217
0.40259885787963867
826
225
0.2898828983306885
809
225
0.349928617477417
824
225
0.4244043827056885
825
228
0.4768993854522705
801
234
0.2841372489929199
811
226
0.25313615798950195
809
225
0.2388594150543213
807
214
0.49951839447021484
799
218
0.27640819549560547
824
225
0.30504631996154785
809
225
0.46883583068847656
825
221
0.349928617477417
798
216
0.36541175842285156
811
226
0.27640819549560547
826
223
0.46260976791381836
806
223
0.13397979736328125
824
219
0.2230989933013916
805
224
0.2899038791656494
810
223
0.35134100914001465
809
225
0.22874832153320312
805
228
0.45373964309692383
802
225
0.1489119529724121
825
220
0.26784300804138184
811
224
0.46260976791381836
826
225
0.30504631996154785
824
219
0.3356499671936035
828
228
0.3941037654876709
826
225
0.36464452743530273
822
217
0.36541175842285156
811
226
0.23789143562316895
810
228
0.3281247615814209
819
228
0.3281247615814209
823
219
0.2905149459838867
822
217
0.4620070457458496
816
216
0.11724162101745605
816
216
0.40259885787963867
825
220
0.2841372489929199
821
225
0.46205973625183105
811
225
0.34296655654907227
823
219
0.4244043827056885
810
217
0.424821138381958
801
234
0.2899038791656494
824
226
0.3281247615814209
811
225
0.4628586769104004
810
226
0.33531880378723145
817
220
0.2899038791656494
820
223
0.424821138381958
810
227
0.23082423210144043
814
224
0.2676668167114258
823
226
0.4404900074005127
801
234
2.101827383041382
802
225
0.3941037654876709
813
222
0.2898828983306885
820
222
0.4170372486114502
798
216
0.13397979736328125
822
217
0.29158639907836914
816
216
0.11724162101745605
811
224
0.2386925220489502
825
228
0.4775991439819336
824
225
0.4620070457458496
821
225
0.4768993854522705
822
217
0.11724162101745605
809
225
0.43256258964538574
816
216
0.30504631996154785
801
234
0.28287649154663086
813
222
0.4178497791290283
828
228
0.49951839447021484
806
223
0.34296655654907227
825
228
0.2905149459838867
805
224
0.21548843383789062
805
228
0.21596145629882812
810
223
0.46883583068847656
829
220
0.43743419647216797
816
216
0.36541175842285156
825
228
0.424821138381958
825
223
0.4404900074005127
814
236
0.424821138381958
818
224
0.36541175842285156
822
217
0.43256258964538574
810
226
0.46205973625183105
810
227
0.20854854583740234
820
223
0.4404900074005127
820
222
0.2238633632659912
805
224
0.2543468475341797
810
217
0.22874832153320312
814
236
0.40259885787963867
829
220
0.43743419647216797
818
225
0.4628586769104004
806
216
0.11724162101745605
798
216
0.4550607204437256
812
227
0.1931300163269043
825
228
0.30504631996154785
811
226
0.3136453628540039
828
228
0.2899038791656494
818
224
0.36464452743530273
814
236
0.30504631996154785
810
223
0.46883583068847656
810
227
0.23773193359375
823
226
0.36541175842285156
818
224
0.43256258964538574
819
228
0.33531880378723145
826
223
0.25313615798950195
813
222
0.27640819549560547
825
228
0.21548843383789062
825
220
0.4097411632537842
805
224
0.2386925220489502
813
222
0.22874832153320312
814
224
0.26784300804138184
811
225
0.30504631996154785
814
236
0.22263860702514648
824
226
0.2388594150543213
811
225
0.2386925220489502
805
228
0.3356499671936035
815
218
0.43743419647216797
823
226
0.4248077869415283
809
228
0.46260976791381836
819
228
0.22194266319274902
824
226
0.1489119529724121
825
228
0.36464452743530273
814
224
0.4628586769104004
819
228
0.2974390983581543
828
228
0.20116329193115234
824
226
0.19437551498413086
819
228
0.29158639907836914
810
217
0.3040339946746826
803
228
0.20854854583740234
824
219
0.2388594150543213
823
226
0.4244043827056885
806
216
0.11724162101745605
811
227
0.1489119529724121
815
219
0.43743419647216797
824
226
0.13397979736328125
824
227
0.46260976791381836
828
228
0.13397979736328125
810
223
0.4244043827056885
810
223
0.3941037654876709
814
236
0.19437551498413086
822
224
0.2388594150543213
805
225
0.20854854583740234
817
220
0.4620070457458496
822
224
0.23773193359375
821
225
2.101827383041382
813
222
0.43743419647216797
809
225
0.2388594150543213
824
226
0.23789143562316895
809
228
0.34296655654907227
811
223
0.23773193359375
820
223
0.21548843383789062
810
226
0.43743419647216797
811
225
0.3040339946746826
826
225
0.30504631996154785
810
217
0.46205973625183105
824
226
0.21548843383789062
822
217
0.21555137634277344
806
216
0.3136453628540039
824
219
0.13397979736328125
798
216
0.23773193359375
820
224
0.46883583068847656
806
216
0.29158639907836914
810
217
0.3356499671936035
812
227
0.4178497791290283
825
220
0.13397979736328125
806
223
0.2238633632659912
805
225
0.4628586769104004
809
228
0.20854854583740234
