1247
313
1.8410496711730957
1306
313
0.6927073001861572
1366
318
0.558779239654541
1211
352
0.9474914073944092
1264
366
0.5596840381622314
1309
359
0.618729829788208
1369
355
0.7303476333618164
1198
401
1.1029698848724365
1254
402
0.7223353385925293
1321
398
0.7901382446289062
1363
401
0.6341407299041748
1198
454
0.9692411422729492
1251
453
0.6035590171813965
1315
451
0.626223087310791
1364
453
0.678088903427124
1200
488
1.0144288539886475
1270
498
0.8782362937927246
1305
499
0.8271021842956543
1366
498
0.6701290607452393
1207
539
0.9469001293182373
1258
540
0.5736885070800781
1312
542
0.6107738018035889
1363
542
0.6337676048278809
1204
585
0.9826867580413818
1250
585
0.6475677490234375
1315
585
0.6630396842956543
1356
588
0.8192591667175293
54
779
4.108801603317261
