1265
310
1.9934310913085938
1304
311
0.8482129573822021
1375
317
0.6339390277862549
1208
355
0.7375037670135498
1263
359
0.5518453121185303
1300
359
0.6023869514465332
1360
359
0.7007942199707031
1208
403
0.8489995002746582
1263
399
0.7075409889221191
1315
403
0.9088692665100098
1364
407
0.6492855548858643
1203
444
0.7705397605895996
1261
448
0.5959606170654297
1314
444
0.5743982791900635
1357
456
0.7898035049438477
1216
489
0.8045806884765625
1269
495
0.6105916500091553
1313
493
0.6483478546142578
1359
493
0.7153337001800537
1206
535
0.6709482669830322
1266
535
0.789881706237793
1310
536
0.9461255073547363
1357
537
0.916663646697998
1193
579
1.21584153175354
1252
582
0.945162296295166
1306
585
0.6708571910858154
1367
584
0.663414478302002
54
779
3.548321485519409
