1255
308
2.248591899871826
1304
308
0.654855489730835
1351
316
0.6643431186676025
1211
356
0.9538681507110596
1257
363
0.6188449859619141
1313
363
0.6548736095428467
1361
358
0.604027509689331
1200
399
0.76033616065979
1256
411
0.6412434577941895
1320
398
0.8277809619903564
1374
403
0.633965253829956
1202
440
0.9996230602264404
1257
450
1.737212896347046
1312
450
0.6559481620788574
1367
448
0.6191244125366211
1200
498
0.8192124366760254
1253
495
0.6697263717651367
1306
492
0.6646873950958252
1359
498
1.2379841804504395
1190
544
1.0221192836761475
1262
535
0.7674429416656494
1314
538
0.7604422569274902
1363
538
0.7385663986206055
1217
582
1.028571367263794
1262
586
0.700908899307251
1308
586
0.6785271167755127
1363
582
0.8790528774261475
53
792
3.676189422607422
