1259
309
2.0182642936706543
1305
312
0.5523369312286377
1357
312
0.5441856384277344
1210
362
0.849839448928833
1252
371
0.65606689453125
1305
360
0.8864147663116455
1365
351
0.7314701080322266
1200
406
1.2962045669555664
1262
406
0.6708950996398926
1315
406
0.670926570892334
1357
404
0.6027631759643555
1209
449
0.7912240028381348
1267
453
0.6402466297149658
1309
452
0.7167549133300781
1350
452
0.6786255836486816
1208
495
0.8575749397277832
1257
499
0.7311050891876221
1305
498
0.6771202087402344
1351
498
0.7078888416290283
1229
533
0.976311206817627
1255
540
0.7600598335266113
1312
540
0.6932706832885742
1362
542
0.6868679523468018
1206
591
1.0885658264160156
1255
589
0.6778321266174316
1313
588
0.7302670478820801
1364
585
0.848658561706543
47
779
3.521354913711548
