1263
310
1.7329764366149902
1295
315
0.6338334083557129
1343
315
0.7301087379455566
1199
357
1.0201420783996582
1270
362
0.5450427532196045
1310
365
0.5669405460357666
1355
361
0.6407966613769531
1212
404
0.86472487449646
1262
406
0.62589430809021
1312
392
0.729048490524292
1361
403
0.8357236385345459
1208
452
0.8719615936279297
1261
455
0.5801787376403809
1313
447
0.7529520988464355
1367
454
0.7229149341583252
1221
492
1.2746293544769287
1254
494
0.804793119430542
1308
497
0.9022443294525146
1367
489
1.1852381229400635
1209
531
1.2138795852661133
1257
545
0.7231276035308838
1316
537
0.7749021053314209
1371
534
0.805452823638916
1213
573
1.2749347686767578
1261
591
1.2218289375305176
1304
583
0.9166910648345947
1371
581
1.1555538177490234
55
793
3.735511064529419
