648
188
0.36492419242858887
657
196
0.28113889694213867
659
190
0.261077880859375
648
188
0.2742476463317871
653
192
0.5575499534606934
653
188
0.356795072555542
661
195
0.34214258193969727
650
185
0.44006967544555664
659
194
0.2681427001953125
661
195
0.5287349224090576
648
200
0.28113889694213867
653
192
0.3865528106689453
653
195
0.356795072555542
661
188
0.5647783279418945
653
193
0.3562443256378174
659
193
0.34214258193969727
650
185
0.4007408618927002
648
200
0.3710341453552246
661
203
0.3561851978302002
653
188
0.2752878665924072
658
191
0.2974705696105957
658
198
0.5355868339538574
648
194
0.2531871795654297
652
194
3.1910934448242188
655
200
0.2681427001953125
653
192
0.4007408618927002
652
196
0.3511216640472412
657
194
0.371290922164917
657
196
0.371290922164917
654
194
0.3511216640472412
