648
194
0.5355868339538574
653
188
0.3562443256378174
648
194
0.28113889694213867
643
194
0.39551305770874023
652
195
0.4681129455566406
652
190
0.5581414699554443
653
192
0.34214258193969727
659
193
0.2742476463317871
655
194
0.30466556549072266
653
196
0.39551305770874023
653
193
0.3511216640472412
648
194
0.4088921546936035
659
194
0.5581414699554443
655
199
0.30466556549072266
652
191
0.2742476463317871
648
194
0.2742476463317871
652
193
0.3276679515838623
648
200
0.4076211452484131
661
203
0.2742476463317871
654
199
0.4088921546936035
659
193
0.520148754119873
661
203
0.565861701965332
654
194
0.5581414699554443
661
188
0.3865528106689453
648
194
0.364459753036499
655
199
0.2531871795654297
657
190
0.3865528106689453
653
190
0.2974705696105957
659
194
0.25247788429260254
651
199
0.2681427001953125
