659
195
0.25247788429260254
653
193
0.2974705696105957
644
196
0.371290922164917
653
192
0.3802828788757324
651
199
0.4007408618927002
654
198
0.3710341453552246
652
197
0.4681129455566406
641
192
0.5128660202026367
644
196
0.32763075828552246
647
195
0.5581414699554443
654
199
0.3710341453552246
650
185
0.4076211452484131
652
194
0.2974705696105957
653
193
0.2752878665924072
653
192
0.371290922164917
653
195
0.261077880859375
648
188
0.4076211452484131
658
191
0.5069916248321533
643
194
0.356795072555542
653
190
0.4088921546936035
647
195
0.371290922164917
659
193
0.34193897247314453
661
195
0.3710341453552246
653
192
0.25247788429260254
658
191
0.3802828788757324
650
185
0.2531871795654297
653
195
0.2531871795654297
659
199
0.5069916248321533
652
191
0.34193897247314453
653
190
0.39551305770874023
