648
200
0.274524450302124
658
198
0.3865528106689453
651
199
0.3511216640472412
658
198
3.1910934448242188
651
194
0.5575499534606934
652
197
0.2531871795654297
657
196
0.356795072555542
653
188
0.2531871795654297
650
185
0.36492419242858887
651
199
0.261077880859375
652
193
0.2752878665924072
652
196
0.5647783279418945
659
194
0.4076211452484131
651
199
0.261077880859375
652
197
0.3865528106689453
658
198
0.5428299903869629
651
194
0.3511216640472412
657
194
0.5647783279418945
661
188
0.2752878665924072
644
196
0.25247788429260254
659
190
0.28113889694213867
661
195
0.261077880859375
657
190
0.2531871795654297
651
194
0.2742476463317871
659
193
0.28113889694213867
653
196
0.304842472076416
651
199
0.5428299903869629
653
196
0.49898552894592285
657
190
0.32690882682800293
653
190
0.2742476463317871
