661
188
0.32690882682800293
641
192
0.304842472076416
651
199
0.36492419242858887
653
192
0.5581414699554443
653
207
0.34214258193969727
650
185
0.2742476463317871
653
193
0.3276679515838623
651
199
0.2531871795654297
657
196
0.28113889694213867
653
188
0.3802828788757324
643
194
0.3264431953430176
658
198
0.34214258193969727
652
197
0.34193897247314453
657
194
0.32763075828552246
652
194
0.304842472076416
653
196
0.2681427001953125
661
203
0.5581414699554443
659
193
0.34214258193969727
651
199
0.4627804756164551
661
203
0.5356204509735107
652
197
0.36492419242858887
654
194
2.272954225540161
653
188
0.4911215305328369
651
199
0.5581414699554443
653
188
0.25247788429260254
641
192
0.44006967544555664
653
192
0.32763075828552246
657
190
0.4088921546936035
661
203
0.2681427001953125
652
191
0.4088921546936035
