636
193
1.8656299114227295
636
193
0.23272943496704102
636
193
0.23133540153503418
636
193
0.2086036205291748
636
193
0.2609291076660156
636
193
0.21625399589538574
636
193
0.2009119987487793
636
193
0.4626748561859131
636
193
0.2540900707244873
636
193
0.3139321804046631
636
193
0.3044586181640625
657
198
0.2614707946777344
657
198
0.2987070083618164
654
197
0.32776761054992676
653
197
0.29799485206604004
652
197
0.30555033683776855
651
197
0.283766508102417
651
196
0.3054835796356201
649
196
0.31295228004455566
648
196
0.32015204429626465
648
196
0.3214235305786133
648
196
0.3271496295928955
647
196
0.32863426208496094
647
196
0.34253907203674316
647
196
0.3356914520263672
647
196
0.3202230930328369
647
196
0.3420400619506836
647
196
2.269172430038452
1092
57
3.1043076515197754
629
279
2.336564302444458
1250
318
4.345094442367554
736
294
2.2907354831695557
826
266
2.067930221557617
826
266
0.3350565433502197
825
266
4.822023391723633
821
384
4.2766945362091064
1044
124
3.73193359375
1091
82
3.5897762775421143
860
129
2.0830516815185547