658
189
2.3763926029205322
658
189
0.284984827041626
641
195
0.22416353225708008
649
198
0.26822924613952637
653
198
0.2317652702331543
658
193
0.261671781539917
656
190
0.2450883388519287
647
190
0.2613956928253174
647
195
0.23852062225341797
648
198
0.23900175094604492
656
198
0.216078519821167
658
198
0.27649378776550293
658
192
0.28983354568481445
649
192
0.26880598068237305
647
197
0.2743663787841797
646
198
0.23095989227294922
655
198
0.29125380516052246
655
198
0.2679166793823242
657
194
0.26041650772094727
657
193
0.2755300998687744
649
193
0.29046177864074707
647
193
0.28313279151916504
647
196
0.2830471992492676
647
197
0.31299257278442383
653
197
0.3487884998321533
655
197
0.3431718349456787
655
197
0.35845303535461426
655
196
0.4025712013244629
655
196
0.38811326026916504
1083
61
3.4026780128479004
633
262
2.3962433338165283
1267
314
4.567416429519653
723
297
3.133592367172241
830
263
2.4338810443878174
830
263
0.3722851276397705
830
263
0.38807201385498047
820
386
3.0376806259155273
1041
112
2.841590404510498
1085
78
2.7538845539093018
857
133
2.7985644340515137
