964
193
3.8249495029449463
616
557
2.546786308288574
983
179
3.671229839324951
624
558
1.633310317993164
976
170
3.0941123962402344
613
566
1.8283312320709229
1003
191
3.139387369155884
598
578
1.8502752780914307
908
153
4.297271728515625
634
543
1.860532283782959
1003
199
4.731419801712036
621
550
1.445974349975586
966
211
3.294955015182495
605
577
1.9858291149139404
910
158
3.7057993412017822
607
568
2.3841636180877686
961
205
9.825178146362305
630
542
1.614363193511963
930
192
13.983191967010498
618
564
1.4171462059020996
911
166
12.366447925567627
620
538
1.7782893180847168
995
189
14.281737089157104
621
545
1.7256405353546143
941
189
2.9136950969696045
611
556
1.5609238147735596
940
221
1.5448448657989502
630
554
3.7654292583465576
965
179
3.603137731552124
616
555
1.544233798980713
963
217
3.6781389713287354
617
565
1.9847829341888428
974
214
5.275319814682007
627
552
1.8761663436889648
523
913
11.411725282669067
