924
268
0.25925254821777344
928
278
0.3638589382171631
924
272
0.40943193435668945
922
269
0.6022369861602783
926
271
0.8264250755310059
925
273
0.3573431968688965
927
271
0.8591568470001221
928
272
0.46195220947265625
928
275
0.8933682441711426
928
273
0.8933682441711426
921
273
0.3643496036529541
921
273
0.40987610816955566
923
270
0.4903750419616699
928
276
0.3643496036529541
924
271
0.4597644805908203
925
273
0.4545266628265381
926
271
2.6455860137939453
914
271
0.4095571041107178
926
272
0.33525538444519043
925
272
0.42357492446899414
927
269
0.46195220947265625
930
270
0.45458984375
925
274
0.6173434257507324
922
273
0.42357492446899414
928
275
0.46885251998901367
926
272
0.45458984375
923
270
0.37211155891418457
920
269
0.32024121284484863
924
272
1.907926082611084
924
275
0.15516185760498047
920
269
0.41591429710388184
914
271
0.6558566093444824
926
265
0.8786296844482422
923
270
0.4180276393890381
925
272
0.529634952545166
926
277
0.707421064376831
922
271
0.4536306858062744
924
274
0.707421064376831
927
269
0.42357492446899414
928
278
0.40911436080932617
923
276
0.9018476009368896
928
275
0.529634952545166
924
274
0.4597644805908203
930
275
0.2977273464202881
928
275
0.4240000247955322
933
272
0.13238167762756348
925
272
0.35660862922668457
933
272
0.4097447395324707
925
273
0.6997816562652588
924
268
0.4240550994873047
926
277
0.25925254821777344
924
274
0.42357492446899414
926
269
0.6997816562652588
925
272
0.6997816562652588
928
278
0.43166279792785645
920
269
0.41591429710388184
914
271
0.529634952545166
929
272
0.5807356834411621
924
271
0.6022369861602783
933
272
0.3510279655456543
924
274
0.15516185760498047
926
272
0.41591429710388184
927
269
0.31975221633911133
923
276
0.46195220947265625
926
265
0.5741868019104004
922
273
0.40911436080932617
923
276
1.4673373699188232
927
265
0.4095571041107178
922
269
0.587634801864624
922
273
0.589343786239624
925
272
0.5284450054168701
924
275
0.446946382522583
929
272
0.4249236583709717
922
271
0.529634952545166
925
273
0.3638589382171631
927
271
0.43927955627441406
924
271
0.4391458034515381
928
272
2.0717601776123047
924
271
0.4391458034515381
928
275
0.4095759391784668
920
269
0.13238167762756348
924
272
0.4752492904663086
922
271
0.43166279792785645
927
269
0.38615894317626953
930
270
3.4369919300079346
926
271
0.3926103115081787
924
272
0.4240000247955322
930
270
0.4903750419616699
48
782
0.47582054138183594
925
274
1.9755923748016357
928
273
1.288964033126831
920
269
2.0717601776123047
924
268
0.425213098526001
922
271
0.4240550994873047
924
272
0.3856685161590576
928
273
2.1170706748962402
930
275
0.4097447395324707
930
270
0.341691255569458
928
273
0.4328014850616455
923
270
0.3856685161590576
930
270
0.46885251998901367
925
272
0.425213098526001
925
272
0.4679262638092041
926
272
0.4328014850616455
924
275
0.35660862922668457
921
273
0.589343786239624
925
274
0.42315244674682617
925
273
0.45458984375
924
272
0.33525538444519043
924
271
0.45458984375
928
278
2.1170706748962402
925
274
0.38615894317626953
926
272
0.25925254821777344
926
269
0.42357492446899414
914
271
1.9755923748016357
927
269
0.8786296844482422
927
269
0.6558566093444824
926
269
0.43122220039367676
928
273
0.9018476009368896
914
271
0.43166279792785645
924
271
0.6173434257507324
923
270
0.8264250755310059
914
271
0.43122220039367676
928
278
0.529634952545166
921
273
2.1170706748962402
924
268
0.49155640602111816
926
265
0.5268456935882568
928
273
0.8706037998199463
932
274
0.35660862922668457
926
269
0.5807356834411621
928
275
0.43122220039367676
926
277
3.4369919300079346
926
265
0.3643496036529541
921
273
0.4545266628265381
923
270
0.4180276393890381
925
273
0.707421064376831
922
272
0.3782157897949219
922
271
0.589343786239624
926
269
0.45369696617126465
927
265
2.0717601776123047
924
272
0.4234652519226074
933
272
0.31975221633911133
48
782
0.43166518211364746
930
275
1.3340206146240234
920
269
0.4328014850616455
922
271
0.6022369861602783
927
269
0.4685823917388916
914
271
0.13238167762756348
925
274
0.46885251998901367
926
277
0.17014622688293457
926
271
0.4249236583709717
926
277
0.2739896774291992
928
278
0.8591568470001221
926
272
0.43958234786987305
933
272
0.40943193435668945
923
276
1.3340206146240234
925
274
0.43927955627441406
930
270
2.1170706748962402
930
270
0.6047685146331787
928
278
0.3856685161590576
926
265
0.4240000247955322
927
269
0.5741868019104004
932
274
0.38615894317626953
928
275
0.4536306858062744
928
272
0.3782157897949219
923
270
0.15516185760498047
928
276
0.4249236583709717
923
270
0.8933682441711426
927
269
0.707421064376831
933
272
1.9755923748016357
925
272
0.2977273464202881
924
271
0.589343786239624
930
270
0.3856685161590576
924
271
0.25925254821777344
924
274
0.3782157897949219
923
276
0.33525538444519043
926
265
0.42357492446899414
926
272
0.3856685161590576
926
277
0.40911436080932617
927
271
0.587634801864624
926
269
0.2739896774291992
933
272
0.17014622688293457
922
269
0.3782157897949219
927
265
0.43166518211364746
928
275
0.4234652519226074
925
273
0.6558566093444824
922
273
0.41591429710388184
928
273
0.9018476009368896
922
273
0.46195220947265625
924
268
3.4369919300079346
923
276
0.6548733711242676
924
268
0.45369696617126465
921
273
0.4824867248535156
929
272
0.4536306858062744
928
276
1.3340206146240234
922
269
0.4249236583709717
923
270
1.4673373699188232
930
270
0.4180276393890381
925
272
2.1170706748962402
930
275
0.5268456935882568
926
277
0.45458984375
928
273
0.2977273464202881
929
272
0.4095759391784668
925
274
0.33525538444519043
928
272
0.4240000247955322
920
269
0.46195220947265625
922
273
0.4679262638092041
924
268
0.5284450054168701
929
272
0.9018476009368896
932
274
0.3856685161590576
925
272
0.4249236583709717
926
272
0.4597644805908203
930
275
0.4180276393890381
922
272
0.3782157897949219
928
273
0.4597644805908203
926
272
0.5807356834411621
920
269
0.33525538444519043
924
275
0.40987610816955566
921
273
0.43166518211364746
924
275
0.43166518211364746
924
268
0.4180276393890381
914
271
0.4095759391784668
933
272
0.4824867248535156
922
271
0.6173434257507324
923
270
0.3573431968688965
923
270
0.13238167762756348
926
271
0.45369696617126465
922
272
0.49155640602111816
923
270
0.589343786239624
930
275
0.45369696617126465
927
269
0.32024121284484863
926
272
0.6548733711242676
923
270
0.31975221633911133
930
275
0.4824867248535156
922
271
1.042797327041626
926
269
1.3340206146240234
932
274
0.17014622688293457
924
268
0.707421064376831
928
276
0.4328014850616455
928
276
0.341691255569458
920
269
0.4180276393890381
928
278
0.8786296844482422
924
275
0.4612765312194824
922
271
0.7298696041107178
923
270
0.4597644805908203
923
270
0.2977273464202881
924
271
0.4328014850616455
932
274
0.4612765312194824
922
273
0.4391458034515381
922
271
0.2977273464202881
921
273
0.43958234786987305
48
782
0.5268456935882568
925
273
2.1170706748962402
926
271
0.4095759391784668
932
274
0.5741868019104004
48
782
0.2739896774291992
928
275
0.41591429710388184
920
269
0.4095759391784668
924
275
0.4612765312194824
930
275
0.32024121284484863
48
782
0.47582054138183594
930
275
1.288964033126831
925
273
0.15516185760498047
921
273
0.6022369861602783
930
270
0.47582054138183594
926
265
1.9755923748016357
48
782
0.6558566093444824
928
273
0.41591429710388184
924
272
0.3573431968688965
920
269
0.42315244674682617
930
275
0.42315244674682617
928
276
0.7298696041107178
930
270
0.38615894317626953
926
265
0.4597644805908203
928
278
0.43958234786987305
924
275
0.5741868019104004
928
275
0.3510279655456543
926
269
0.4240000247955322
925
273
0.47582054138183594
930
275
0.3643496036529541
928
275
0.49155640602111816
929
272
0.6173434257507324
928
272
0.4752492904663086
926
271
0.6997816562652588
921
273
0.4328014850616455
926
265
0.43122220039367676
925
273
0.7298696041107178
926
272
1.288964033126831
922
273
1.288964033126831
928
275
0.3573431968688965
928
275
0.707421064376831
927
269
0.4545266628265381
928
272
0.446946382522583
926
265
0.3573431968688965
922
269
0.4685823917388916
928
276
0.6047685146331787
926
271
0.589343786239624
914
271
0.4097447395324707
921
273
0.42357492446899414
928
272
0.8706037998199463
922
271
0.40943193435668945
927
265
0.4240000247955322
925
272
0.42315244674682617
925
273
0.3638589382171631
48
782
0.3638589382171631
924
275
0.8786296844482422
48
782
0.47582054138183594
923
270
1.3340206146240234
922
272
0.589343786239624
930
270
0.446946382522583
922
269
0.43927955627441406
48
782
0.4095571041107178
925
272
0.4309267997741699
926
269
0.341691255569458
928
275
0.4328014850616455
923
270
0.32024121284484863
926
272
0.4903750419616699
922
273
1.9755923748016357
923
276
0.4612765312194824
927
265
0.6997816562652588
48
782
0.6997816562652588
926
272
0.42315244674682617
928
272
0.42357492446899414
48
782
0.43122220039367676
925
274
0.4685823917388916
924
268
0.43927955627441406
922
273
1.3340206146240234
926
269
0.3926103115081787
928
273
0.37211155891418457
928
272
0.43927955627441406
924
271
0.589343786239624
925
273
0.4328014850616455
924
271
0.6997816562652588
922
271
0.6558566093444824
926
269
0.4328014850616455
933
272
0.15516185760498047
928
273
0.6694481372833252
924
271
0.2739896774291992
923
270
0.31975221633911133
926
277
0.6173434257507324
924
274
0.4391458034515381
914
271
0.6255772113800049
925
273
0.6558566093444824
920
269
0.15516185760498047
922
272
0.4597644805908203
925
272
0.3926103115081787
922
272
0.40943193435668945
924
268
0.4328014850616455
926
272
1.4673373699188232
926
269
0.4824867248535156
923
270
0.46885251998901367
924
271
0.6694481372833252
926
271
0.4249236583709717
930
275
0.9603166580200195
928
276
0.6173434257507324
923
270
0.49155640602111816
924
268
0.13238167762756348
928
276
2.6455860137939453
924
272
0.2977273464202881
922
272
0.3856685161590576
928
276
0.43927955627441406
924
268
0.4903750419616699
925
274
0.42315244674682617
929
272
0.425213098526001
924
271
0.5741868019104004
922
273
0.43122220039367676
925
274
0.46195220947265625
927
271
0.2739896774291992
925
272
0.589343786239624
928
273
0.2977273464202881
926
271
0.41591429710388184
926
277
0.46885251998901367
926
269
0.4536306858062744
924
272
0.2977273464202881
924
274
0.42357492446899414
926
269
0.4249236583709717
924
272
0.25925254821777344
921
273
0.4536306858062744
933
272
0.8933682441711426
928
276
0.3926103115081787
928
278
1.907926082611084
922
272
0.3782157897949219
922
273
0.4095571041107178
914
271
1.907926082611084
922
271
0.587634801864624
925
274
0.15516185760498047
927
269
0.4095759391784668
924
268
0.2739896774291992
48
782
0.6022369861602783
929
272
0.5741868019104004
926
277
0.5807356834411621
928
273
0.4679262638092041
927
269
0.9603166580200195
925
274
0.8591568470001221
926
272
0.43166518211364746
924
272
0.49155640602111816
928
278
0.9018476009368896
927
265
0.46195220947265625
924
268
1.042797327041626
933
272
0.9018476009368896
924
272
0.9018476009368896
922
269
0.6173434257507324
925
274
0.6997816562652588
924
271
0.25925254821777344
926
269
0.425213098526001
927
269
0.43166279792785645
927
269
0.4679262638092041
929
272
0.8933682441711426
921
273
3.4369919300079346
922
272
0.17014622688293457
922
269
0.3856685161590576
930
270
0.4095759391784668
922
272
2.6455860137939453
922
273
0.4391458034515381
924
268
0.6022369861602783
932
274
0.46885251998901367
920
269
0.38615894317626953
928
278
0.4545266628265381
927
271
0.17014622688293457
922
273
0.3926103115081787
922
272
2.0717601776123047
928
272
2.6455860137939453
923
276
0.4249236583709717
925
274
0.4097447395324707
933
272
0.4536306858062744
928
276
0.42315244674682617
930
275
0.9018476009368896
925
272
0.4095571041107178
923
270
2.0717601776123047
928
275
0.4238698482513428
922
269
0.425213098526001
926
269
0.47582054138183594
922
271
0.9018476009368896
928
275
0.3643496036529541
927
271
0.4679262638092041
928
273
0.4095759391784668
932
274
0.43122220039367676
930
270
0.4903750419616699
925
273
0.3643496036529541
922
269
0.32024121284484863
924
274
0.35660862922668457
925
272
0.9603166580200195
922
272
0.43166279792785645
927
269
1.4673373699188232
925
273
0.40987610816955566
922
273
2.0717601776123047
926
271
1.9755923748016357
926
269
0.35660862922668457
933
272
0.4240000247955322
914
271
0.46195220947265625
922
272
0.341691255569458
925
273
0.3643496036529541
930
275
0.3573431968688965
928
278
0.6255772113800049
928
273
0.49155640602111816
922
273
0.4240550994873047
928
276
1.4673373699188232
924
274
0.4545266628265381
914
271
1.907926082611084
926
277
0.8591568470001221
924
271
0.4536306858062744
48
782
0.4240000247955322
924
271
0.46195220947265625
927
271
0.13238167762756348
926
271
0.37211155891418457
924
275
0.4095571041107178
924
275
1.042797327041626
926
277
0.15516185760498047
922
269
0.529634952545166
922
272
0.4238698482513428
924
268
0.4685823917388916
926
271
0.4234652519226074
921
273
0.4545266628265381
932
274
0.4234652519226074
927
271
0.43166279792785645
925
274
0.8332245349884033
926
269
2.6455860137939453
923
276
0.4685823917388916
922
271
0.6558566093444824
926
277
0.15516185760498047
925
272
0.6548733711242676
928
275
0.6694481372833252
927
269
0.4249236583709717
924
268
0.5268456935882568
48
782
0.46885251998901367
926
277
0.3782157897949219
932
274
0.17014622688293457
924
271
0.707421064376831
928
278
0.45369696617126465
914
271
0.31975221633911133
923
276
1.3340206146240234
48
782
0.31975221633911133
928
276
0.4679262638092041
922
271
0.3643496036529541
930
270
0.8786296844482422
48
782
0.40943193435668945
928
272
0.3573431968688965
923
270
0.3782157897949219
927
269
0.46885251998901367
924
272
0.40911436080932617
929
272
0.9603166580200195
928
276
0.3926103115081787
922
273
0.425213098526001
928
272
1.042797327041626
926
271
0.4597644805908203
928
276
0.35660862922668457
920
269
0.5284450054168701
923
270
0.43122220039367676
926
277
2.1170706748962402
927
271
0.4391458034515381
933
272
0.32024121284484863
928
273
0.6548733711242676
923
270
0.3856685161590576
927
271
0.9603166580200195
922
272
0.43166279792785645
923
270
0.43927955627441406
924
271
0.42357492446899414
922
273
0.6255772113800049
926
271
0.9018476009368896
930
275
0.4679262638092041
928
275
0.8706037998199463
928
278
0.40943193435668945
927
269
0.4328014850616455
933
272
0.4903750419616699
928
278
1.9755923748016357
928
278
1.042797327041626
926
265
0.40987610816955566
926
277
0.8591568470001221
925
274
0.43927955627441406
924
275
0.6255772113800049
914
271
0.4391458034515381
924
274
2.6455860137939453
932
274
1.3340206146240234
921
273
0.341691255569458
928
272
0.587634801864624
923
276
0.6255772113800049
922
269
0.4234652519226074
926
271
0.341691255569458
928
276
0.2977273464202881
930
270
0.3643496036529541
927
271
0.4249236583709717
924
274
0.6255772113800049
929
272
0.8706037998199463
930
270
0.43166279792785645
930
275
0.42357492446899414
924
271
0.8706037998199463
925
272
0.5807356834411621
922
273
0.587634801864624
922
269
3.4369919300079346
928
275
0.5284450054168701
926
277
0.3643496036529541
922
269
1.042797327041626
926
272
0.43166518211364746
926
265
0.4903750419616699
922
269
0.589343786239624
932
274
0.4391458034515381
933
272
2.6455860137939453
920
269
0.8786296844482422
923
270
0.8264250755310059
925
273
0.45369696617126465
925
273
0.6694481372833252
927
269
2.6455860137939453
932
274
0.45369696617126465
926
265
2.1170706748962402
920
269
0.5268456935882568
922
269
0.4685823917388916
926
271
0.6558566093444824
926
277
0.4597644805908203
928
272
0.5741868019104004
922
272
1.042797327041626
928
278
0.6997816562652588
924
268
0.46885251998901367
928
278
2.0717601776123047
923
276
1.288964033126831
927
271
0.9018476009368896
926
271
0.4328014850616455
927
269
0.4328014850616455
926
272
0.41591429710388184
924
272
0.4180276393890381
924
274
0.49155640602111816
928
275
0.4685823917388916
928
276
0.3856685161590576
924
272
0.446946382522583
929
272
1.3340206146240234
927
271
2.1170706748962402
921
273
0.6548733711242676
926
265
0.4685823917388916
928
273
2.6455860137939453
924
272
0.31975221633911133
920
269
3.4369919300079346
926
269
0.45369696617126465
925
274
2.0717601776123047
921
273
0.47582054138183594
930
275
0.425213098526001
925
272
0.13238167762756348
923
276
0.4824867248535156
920
269
0.45369696617126465
926
271
0.529634952545166
929
272
0.17014622688293457
923
276
0.8332245349884033
923
270
1.9755923748016357
928
272
0.37211155891418457
928
276
0.4249236583709717
925
273
0.3856685161590576
925
272
1.3340206146240234
926
272
0.589343786239624
924
268
0.13238167762756348
929
272
0.35660862922668457
922
271
1.042797327041626
924
271
0.3573431968688965
928
272
0.5268456935882568
928
275
0.4612765312194824
922
272
0.4249236583709717
48
782
0.707421064376831
932
274
0.3643496036529541
922
271
0.45458984375
48
782
0.707421064376831
925
274
0.4679262638092041
926
265
0.42315244674682617
930
270
0.3926103115081787
926
272
0.8933682441711426
927
269
0.8264250755310059
927
271
0.6548733711242676
933
272
0.3573431968688965
928
275
0.31975221633911133
924
268
0.4238698482513428
922
271
0.6173434257507324
926
277
0.5268456935882568
929
272
0.4679262638092041
923
276
0.35660862922668457
928
278
0.707421064376831
928
275
0.17014622688293457
928
278
2.6455860137939453
925
274
0.25925254821777344
926
271
0.4097447395324707
926
271
0.8332245349884033
926
269
0.46885251998901367
932
274
2.6455860137939453
924
274
0.40911436080932617
932
274
0.2977273464202881
923
270
0.7298696041107178
926
271
0.43122220039367676
924
274
0.6694481372833252
924
275
0.341691255569458
926
269
2.1170706748962402
924
274
0.4238698482513428
923
270
0.4095571041107178
922
269
0.8706037998199463
926
265
0.529634952545166
924
268
3.4369919300079346
48
782
2.1170706748962402
928
275
0.45369696617126465
924
271
1.042797327041626
925
272
0.17014622688293457
925
272
0.8264250755310059
930
270
0.4612765312194824
929
272
1.042797327041626
932
274
0.25925254821777344
924
268
0.8332245349884033
920
269
1.288964033126831
922
273
0.707421064376831
928
272
0.425213098526001
928
272
0.589343786239624
929
272
0.6548733711242676
926
272
0.8591568470001221
922
272
1.3340206146240234
926
277
0.33525538444519043
923
270
0.587634801864624
920
269
0.8264250755310059
925
274
0.4597644805908203
926
265
0.4240000247955322
929
272
0.31975221633911133
927
271
0.587634801864624
924
274
0.46195220947265625
928
276
0.43927955627441406
923
270
0.43122220039367676
921
273
0.589343786239624
925
274
0.15516185760498047
928
275
0.3573431968688965
924
272
0.4536306858062744
924
271
0.4097447395324707
924
274
2.0717601776123047
924
274
0.4597644805908203
933
272
0.8786296844482422
925
274
0.529634952545166
923
270
0.425213098526001
933
272
0.37211155891418457
926
272
0.4391458034515381
933
272
0.3573431968688965
927
269
0.9018476009368896
922
269
0.40987610816955566
925
273
0.4097447395324707
921
273
3.4369919300079346
928
276
0.4685823917388916
928
273
0.4612765312194824
924
274
0.2739896774291992
924
275
0.4679262638092041
933
272
0.43927955627441406
920
269
0.49155640602111816
926
271
0.3926103115081787
930
275
0.4536306858062744
924
272
0.8332245349884033
925
274
0.3643496036529541
921
273
0.43958234786987305
922
273
0.4391458034515381
926
277
0.4612765312194824
924
271
0.6558566093444824
928
278
0.5284450054168701
928
278
0.49155640602111816
928
275
0.5807356834411621
924
268
0.17014622688293457
925
274
1.4673373699188232
926
269
0.43122220039367676
923
276
0.5741868019104004
926
271
0.4095759391784668
930
270
0.25925254821777344
925
273
0.15516185760498047
922
271
0.4328014850616455
928
278
0.3856685161590576
928
276
0.425213098526001
928
275
0.32024121284484863
926
265
0.8332245349884033
933
272
1.4673373699188232
924
272
0.4612765312194824
924
275
0.43166279792785645
921
273
0.4097447395324707
927
265
0.8264250755310059
921
273
0.4685823917388916
928
273
0.4391458034515381
930
275
0.6047685146331787
923
270
0.587634801864624
933
272
0.43122220039367676
933
272
0.6558566093444824
921
273
0.4328014850616455
933
272
0.40943193435668945
922
272
0.3782157897949219
926
277
0.41591429710388184
929
272
0.425213098526001
928
276
0.589343786239624
922
272
0.4234652519226074
930
275
0.3643496036529541
924
268
0.4234652519226074
922
272
0.42357492446899414
924
275
0.3856685161590576
925
272
0.33525538444519043
925
274
0.4903750419616699
924
271
0.43927955627441406
921
273
1.907926082611084
923
276
0.7298696041107178
924
272
0.6694481372833252
926
277
0.15516185760498047
927
269
0.6548733711242676
921
273
0.3926103115081787
924
268
0.3573431968688965
926
272
0.17014622688293457
925
273
0.47582054138183594
928
272
0.529634952545166
928
272
0.41591429710388184
928
278
0.43958234786987305
925
274
0.4180276393890381
926
269
0.6022369861602783
925
274
0.15516185760498047
928
276
0.8591568470001221
928
276
0.9603166580200195
927
265
0.5284450054168701
928
275
0.31975221633911133
926
272
0.446946382522583
926
265
0.4180276393890381
928
275
1.042797327041626
922
269
0.40911436080932617
924
275
0.17014622688293457
923
276
0.4536306858062744
926
271
0.4545266628265381
924
272
0.707421064376831
930
275
0.49155640602111816
925
274
0.8264250755310059
923
270
1.3340206146240234
926
271
0.4249236583709717
922
273
0.49155640602111816
933
272
0.3643496036529541
925
273
0.3643496036529541
923
270
0.4097447395324707
930
275
0.4097447395324707
926
272
0.35660862922668457
924
272
0.7298696041107178
922
271
0.5284450054168701
922
273
0.6255772113800049
924
274
0.46885251998901367
914
271
0.8264250755310059
924
274
0.41591429710388184
922
272
2.1170706748962402
922
269
0.13238167762756348
923
270
1.3340206146240234
926
265
0.3573431968688965
922
272
0.4249236583709717
922
273
2.6455860137939453
927
269
0.8332245349884033
923
276
0.45369696617126465
923
270
0.8786296844482422
924
275
0.5807356834411621
925
274
0.38615894317626953
922
273
0.707421064376831
927
269
0.4309267997741699
927
265
0.43958234786987305
930
275
0.4824867248535156
926
271
0.3510279655456543
926
269
0.3638589382171631
926
265
1.907926082611084
922
273
0.31975221633911133
925
274
0.6173434257507324
930
275
1.907926082611084
927
269
0.3782157897949219
928
275
0.425213098526001
930
270
0.41591429710388184
922
273
2.0717601776123047
920
269
0.4240000247955322
932
274
0.6047685146331787
922
271
0.8264250755310059
925
272
0.40987610816955566
922
269
0.43122220039367676
48
782
1.288964033126831
927
265
0.6558566093444824
929
272
1.4673373699188232
924
274
0.707421064376831
920
269
0.5807356834411621
924
274
0.5807356834411621
48
782
1.4673373699188232
921
273
0.425213098526001
930
270
0.4391458034515381
921
273
0.3856685161590576
926
271
1.288964033126831
924
272
0.4095759391784668
924
268
0.3510279655456543
930
275
0.49155640602111816
922
273
0.707421064376831
923
270
0.587634801864624
925
274
0.6255772113800049
914
271
0.707421064376831
926
269
0.8933682441711426
923
276
0.4095571041107178
928
278
0.4612765312194824
928
278
0.33525538444519043
926
265
0.5284450054168701
924
275
1.3340206146240234
927
271
0.9018476009368896
926
265
0.6022369861602783
924
275
0.6694481372833252
928
276
0.37211155891418457
926
272
0.33525538444519043
929
272
0.5284450054168701
922
269
0.42315244674682617
928
276
0.589343786239624
923
270
0.9018476009368896
928
276
1.288964033126831
924
274
0.4240000247955322
924
268
0.42357492446899414
926
272
0.32024121284484863
922
272
0.4328014850616455
927
265
0.46885251998901367
924
271
0.43122220039367676
924
275
0.42315244674682617
925
274
1.288964033126831
927
265
0.37211155891418457
923
276
0.13238167762756348
924
275
2.1170706748962402
922
271
0.4597644805908203
926
272
0.9018476009368896
923
276
0.5284450054168701
920
269
2.1170706748962402
925
273
0.4752492904663086
928
276
0.4391458034515381
925
273
0.3638589382171631
923
270
0.4238698482513428
928
273
0.4536306858062744
930
270
0.2739896774291992
925
273
0.40987610816955566
927
269
0.4903750419616699
928
273
1.9755923748016357
920
269
0.4679262638092041
914
271
0.41591429710388184
932
274
0.6694481372833252
930
270
0.4238698482513428
924
275
0.4095571041107178
922
273
0.43166518211364746
48
782
0.341691255569458
923
276
0.3643496036529541
925
273
0.8933682441711426
929
272
0.6548733711242676
923
276
0.5268456935882568
924
268
1.042797327041626
930
270
0.40987610816955566
926
269
0.8332245349884033
927
269
0.3643496036529541
932
274
0.13238167762756348
924
268
0.17014622688293457
930
275
0.4597644805908203
927
269
0.4685823917388916
926
277
0.4095759391784668
928
272
0.43166518211364746
925
273
0.8264250755310059
924
271
0.4391458034515381
928
278
2.0717601776123047
928
273
0.5284450054168701
924
271
0.2739896774291992
932
274
0.8591568470001221
924
274
0.4328014850616455
922
269
0.4249236583709717
928
278
0.4097447395324707
927
265
0.4824867248535156
922
272
0.3510279655456543
920
269
0.40987610816955566
924
268
0.4752492904663086
926
272
0.425213098526001
926
269
1.4673373699188232
927
271
0.4095571041107178
925
272
0.15516185760498047
928
276
0.8264250755310059
928
273
0.41591429710388184
48
782
0.4234652519226074
928
276
0.3510279655456543
924
271
0.4903750419616699
933
272
2.0717601776123047
929
272
0.4597644805908203
923
276
0.38615894317626953
924
271
1.3340206146240234
920
269
0.4545266628265381
924
272
2.6455860137939453
928
273
0.4679262638092041
923
276
0.2739896774291992
923
276
0.6047685146331787
929
272
0.43166279792785645
922
269
0.40911436080932617
930
275
0.17014622688293457
923
276
0.6022369861602783
922
271
0.4328014850616455
927
265
0.4752492904663086
924
275
0.587634801864624
926
277
0.446946382522583
920
269
0.341691255569458
926
265
0.37211155891418457
923
270
0.13238167762756348
925
273
0.4679262638092041
48
782
0.2977273464202881
925
274
0.4249236583709717
926
271
0.42357492446899414
922
272
0.43958234786987305
926
271
0.3638589382171631
932
274
2.6455860137939453
926
272
0.4612765312194824
922
269
0.45369696617126465
932
274
1.288964033126831
928
272
0.4238698482513428
927
265
0.43166518211364746
925
274
0.4752492904663086
933
272
0.529634952545166
928
273
0.3782157897949219
925
272
0.8786296844482422
922
273
0.6558566093444824
926
269
0.707421064376831
920
269
0.15516185760498047
924
275
0.3510279655456543
921
273
1.9755923748016357
922
269
1.907926082611084
920
269
0.6997816562652588
926
271
0.45458984375
923
270
0.40987610816955566
923
276
0.3638589382171631
923
276
0.3510279655456543
922
272
0.6558566093444824
924
272
0.43927955627441406
928
276
0.4095759391784668
927
269
0.6022369861602783
921
273
0.8786296844482422
928
273
0.3926103115081787
928
275
0.4685823917388916
914
271
0.31975221633911133
923
270
0.4679262638092041
926
277
0.38615894317626953
926
271
2.6455860137939453
924
272
0.40987610816955566
921
273
0.35660862922668457
924
274
0.4238698482513428
928
272
0.2739896774291992
933
272
0.43122220039367676
927
269
0.8933682441711426
930
275
0.2739896774291992
923
270
2.1170706748962402
926
271
0.5268456935882568
922
269
0.15516185760498047
922
271
0.17014622688293457
922
269
0.3573431968688965
928
278
0.6558566093444824
927
271
0.43122220039367676
928
275
0.6997816562652588
926
269
0.4391458034515381
920
269
0.31975221633911133
924
271
0.4391458034515381
925
272
0.6173434257507324
924
268
2.1170706748962402
922
272
0.4545266628265381
