914
271
0.9603166580200195
922
271
0.46195220947265625
926
272
0.45369696617126465
928
276
0.38615894317626953
922
273
0.3643496036529541
927
269
0.43122220039367676
927
265
0.4095571041107178
922
273
0.43122220039367676
920
269
0.43122220039367676
924
271
0.4180276393890381
926
271
0.43166279792785645
925
273
0.47582054138183594
927
269
1.4673373699188232
928
273
0.8933682441711426
922
273
0.5807356834411621
920
269
0.6173434257507324
925
272
0.4612765312194824
928
276
0.33525538444519043
932
274
0.40943193435668945
928
276
0.3643496036529541
925
273
0.32024121284484863
928
276
0.40911436080932617
924
272
0.446946382522583
925
273
0.529634952545166
924
275
0.4679262638092041
48
782
1.3340206146240234
923
276
0.5284450054168701
923
270
0.3782157897949219
925
274
0.4612765312194824
926
269
1.907926082611084
925
273
0.42315244674682617
930
275
0.6022369861602783
924
268
0.446946382522583
926
265
0.32024121284484863
914
271
0.32024121284484863
927
271
0.2977273464202881
927
269
0.31975221633911133
930
270
0.6694481372833252
928
278
0.49155640602111816
926
277
0.32024121284484863
925
273
0.6173434257507324
926
272
0.4238698482513428
928
278
0.5284450054168701
925
274
0.3510279655456543
925
274
0.4309267997741699
922
271
0.43958234786987305
926
269
0.8264250755310059
922
271
0.9018476009368896
924
272
0.4309267997741699
925
272
0.589343786239624
926
277
0.4095759391784668
926
277
2.0717601776123047
930
275
0.49155640602111816
930
270
0.41591429710388184
914
271
0.40911436080932617
930
270
0.6694481372833252
923
276
0.4536306858062744
928
276
0.15516185760498047
929
272
1.288964033126831
924
271
1.907926082611084
927
265
1.9755923748016357
927
265
0.5268456935882568
926
265
0.3856685161590576
930
275
0.6548733711242676
924
274
0.4095759391784668
924
268
0.341691255569458
930
275
0.4612765312194824
927
269
1.4673373699188232
930
275
0.4095571041107178
924
274
0.31975221633911133
928
272
2.0717601776123047
932
274
2.6455860137939453
930
270
0.6255772113800049
925
273
1.042797327041626
922
272
0.5807356834411621
922
271
0.2739896774291992
929
272
0.8591568470001221
928
273
0.46885251998901367
48
782
0.9018476009368896
924
274
0.8264250755310059
921
273
0.3782157897949219
925
273
0.4309267997741699
926
271
0.45369696617126465
930
275
0.43166279792785645
924
274
0.425213098526001
924
275
0.13238167762756348
922
271
0.3782157897949219
925
273
1.042797327041626
927
269
0.446946382522583
927
269
0.25925254821777344
925
273
0.4903750419616699
924
274
0.4249236583709717
925
273
0.46885251998901367
930
275
0.43166518211364746
926
277
0.40943193435668945
925
274
1.4673373699188232
927
271
0.8332245349884033
928
273
0.41591429710388184
926
271
0.5741868019104004
926
277
0.8786296844482422
926
277
0.6047685146331787
924
268
0.49155640602111816
926
265
0.8933682441711426
926
271
0.40987610816955566
923
276
0.6173434257507324
932
274
0.4903750419616699
922
272
0.4095759391784668
932
274
0.45458984375
930
275
0.4391458034515381
927
269
0.46885251998901367
924
271
0.46885251998901367
926
277
0.13238167762756348
926
272
0.15516185760498047
922
272
0.3782157897949219
928
275
0.587634801864624
928
273
0.13238167762756348
927
265
0.707421064376831
928
275
0.4309267997741699
923
270
0.4240000247955322
929
272
0.6047685146331787
48
782
0.4536306858062744
924
274
0.4391458034515381
926
265
0.5284450054168701
926
271
0.707421064376831
926
271
0.35660862922668457
924
275
0.45458984375
927
269
0.3510279655456543
923
276
2.1170706748962402
928
272
0.4536306858062744
922
271
0.43166518211364746
48
782
0.4597644805908203
922
273
0.43166518211364746
925
272
0.41591429710388184
923
270
0.8933682441711426
926
269
0.42315244674682617
920
269
1.042797327041626
925
273
0.4249236583709717
927
265
0.6173434257507324
922
273
0.5268456935882568
926
277
0.6022369861602783
914
271
0.707421064376831
924
268
0.33525538444519043
926
265
0.8706037998199463
930
275
0.38615894317626953
926
271
0.4095759391784668
928
272
0.43122220039367676
930
275
0.40987610816955566
926
269
1.9755923748016357
48
782
1.4673373699188232
48
782
0.3510279655456543
924
275
0.3856685161590576
922
271
0.40911436080932617
922
269
1.042797327041626
927
269
2.1170706748962402
923
276
0.4095759391784668
929
272
0.5741868019104004
923
276
0.3926103115081787
924
274
0.3926103115081787
925
274
0.32024121284484863
921
273
0.3573431968688965
925
272
0.6173434257507324
926
271
0.4180276393890381
926
272
0.4095571041107178
924
272
0.4180276393890381
922
269
0.4309267997741699
922
272
0.4679262638092041
48
782
0.43166279792785645
926
277
0.5807356834411621
927
271
0.4249236583709717
926
269
0.8786296844482422
928
275
2.6455860137939453
927
269
0.46195220947265625
925
273
0.3782157897949219
928
272
0.6548733711242676
924
275
0.35660862922668457
927
271
2.1170706748962402
921
273
1.288964033126831
930
275
0.4240550994873047
922
271
0.587634801864624
925
274
0.43958234786987305
926
272
0.3510279655456543
927
271
0.9018476009368896
928
272
0.3643496036529541
928
273
2.6455860137939453
928
275
0.9603166580200195
926
277
0.15516185760498047
922
269
0.46195220947265625
927
265
0.3638589382171631
924
272
1.042797327041626
928
276
0.8591568470001221
923
276
0.40987610816955566
926
269
0.5807356834411621
932
274
0.40943193435668945
924
272
2.1170706748962402
922
269
0.3638589382171631
924
271
0.8332245349884033
922
273
0.4391458034515381
923
276
0.25925254821777344
925
274
0.6997816562652588
926
265
0.6548733711242676
926
269
0.4095571041107178
930
275
0.43122220039367676
929
272
0.17014622688293457
926
265
0.529634952545166
920
269
0.8332245349884033
925
273
0.4240550994873047
929
272
0.4752492904663086
928
276
0.31975221633911133
922
271
0.4095571041107178
926
265
0.4536306858062744
922
273
0.31975221633911133
921
273
0.40911436080932617
924
274
0.4597644805908203
926
277
0.46885251998901367
924
271
0.43166279792785645
923
270
0.4240550994873047
925
273
0.4824867248535156
923
270
0.4240550994873047
914
271
0.17014622688293457
924
274
0.32024121284484863
48
782
0.7298696041107178
923
276
0.43166518211364746
924
275
0.4391458034515381
925
273
0.6548733711242676
932
274
0.13238167762756348
926
271
0.8786296844482422
924
268
0.2739896774291992
926
272
0.6548733711242676
922
271
0.4240550994873047
914
271
0.40911436080932617
933
272
0.425213098526001
927
271
0.2739896774291992
928
278
0.49155640602111816
925
272
0.587634801864624
928
276
0.41591429710388184
930
275
0.3643496036529541
933
272
0.3573431968688965
922
271
0.4824867248535156
925
272
0.8264250755310059
925
273
0.5268456935882568
925
273
0.6558566093444824
930
275
0.47582054138183594
927
269
0.4824867248535156
922
271
0.4309267997741699
925
273
0.2977273464202881
923
270
1.3340206146240234
925
274
0.4545266628265381
925
273
0.4238698482513428
927
269
0.43166518211364746
930
270
0.4612765312194824
926
269
0.4249236583709717
928
272
0.2977273464202881
920
269
1.907926082611084
924
275
0.6022369861602783
922
273
2.1170706748962402
48
782
0.3643496036529541
925
272
0.43166518211364746
924
274
0.40911436080932617
933
272
0.8933682441711426
925
272
0.446946382522583
922
271
0.45458984375
930
270
0.2739896774291992
932
274
2.1170706748962402
927
271
0.6694481372833252
924
272
0.6255772113800049
926
269
1.3340206146240234
924
275
0.45458984375
927
271
2.0717601776123047
914
271
0.8591568470001221
924
268
0.4752492904663086
929
272
2.1170706748962402
921
273
0.4391458034515381
926
269
0.3643496036529541
924
271
0.43166279792785645
922
269
0.6022369861602783
924
272
0.446946382522583
926
271
0.41591429710388184
48
782
0.4095571041107178
928
273
0.4249236583709717
923
270
3.4369919300079346
926
269
0.4824867248535156
930
270
0.4240000247955322
928
272
0.43927955627441406
922
269
0.43166518211364746
928
276
0.3926103115081787
928
276
0.33525538444519043
928
275
0.4095759391784668
927
269
0.37211155891418457
925
273
0.4180276393890381
923
270
0.6255772113800049
928
278
2.1170706748962402
927
271
0.4752492904663086
929
272
0.4249236583709717
922
271
0.46885251998901367
920
269
0.4391458034515381
928
273
0.4685823917388916
933
272
0.4097447395324707
923
276
0.3926103115081787
933
272
0.6173434257507324
932
274
0.589343786239624
924
268
0.341691255569458
925
273
2.6455860137939453
933
272
0.17014622688293457
48
782
0.4095571041107178
933
272
0.15516185760498047
930
270
0.49155640602111816
922
272
0.5807356834411621
928
273
0.4752492904663086
925
274
0.6022369861602783
923
270
0.6173434257507324
48
782
0.5268456935882568
926
271
0.3643496036529541
926
272
1.288964033126831
925
273
0.43927955627441406
927
269
0.3573431968688965
930
275
0.341691255569458
924
274
0.4180276393890381
924
271
0.4240000247955322
926
271
0.4824867248535156
922
272
0.8706037998199463
924
271
0.4234652519226074
927
269
0.8786296844482422
926
272
0.6997816562652588
914
271
0.9603166580200195
924
274
0.6997816562652588
924
272
0.8933682441711426
922
271
0.5268456935882568
927
269
0.4095759391784668
924
275
0.6173434257507324
928
276
0.5268456935882568
923
276
1.042797327041626
928
278
2.0717601776123047
926
272
1.4673373699188232
928
278
0.35660862922668457
926
271
1.042797327041626
922
271
0.41591429710388184
928
278
0.8264250755310059
924
275
0.3638589382171631
922
271
0.4309267997741699
922
273
0.43927955627441406
924
274
0.13238167762756348
927
265
0.2977273464202881
922
269
0.4824867248535156
928
275
0.4240550994873047
914
271
2.6455860137939453
925
274
0.3856685161590576
922
273
0.8332245349884033
930
275
0.41591429710388184
922
271
0.4095571041107178
926
277
0.9603166580200195
922
273
1.4673373699188232
922
269
0.33525538444519043
924
268
0.6997816562652588
922
272
0.6022369861602783
923
276
0.43166518211364746
920
269
0.13238167762756348
926
265
0.8786296844482422
926
271
2.0717601776123047
927
271
0.425213098526001
927
265
0.25925254821777344
922
269
0.9018476009368896
928
272
0.4234652519226074
926
277
0.47582054138183594
928
276
0.4240550994873047
928
278
0.3573431968688965
926
277
0.2739896774291992
920
269
0.5807356834411621
920
269
0.4240000247955322
924
274
0.6694481372833252
922
269
0.4249236583709717
928
278
0.40943193435668945
932
274
0.3638589382171631
932
274
1.042797327041626
926
265
0.6997816562652588
924
268
0.25925254821777344
924
271
0.6558566093444824
926
272
0.6047685146331787
930
275
0.43166518211364746
925
273
0.6694481372833252
928
276
0.45369696617126465
926
265
0.8332245349884033
922
272
0.4903750419616699
924
275
0.40987610816955566
926
271
0.5268456935882568
925
274
0.6694481372833252
928
278
0.4679262638092041
926
269
3.4369919300079346
925
273
0.3782157897949219
926
272
1.288964033126831
932
274
0.17014622688293457
926
272
0.49155640602111816
920
269
3.4369919300079346
929
272
0.3573431968688965
920
269
0.13238167762756348
922
273
0.42357492446899414
927
269
0.40987610816955566
926
269
0.40911436080932617
927
271
0.40987610816955566
924
272
0.4391458034515381
922
269
0.43927955627441406
924
268
0.4234652519226074
925
273
1.288964033126831
921
273
0.4752492904663086
928
276
0.43166279792785645
926
265
0.43122220039367676
928
272
2.1170706748962402
928
278
1.042797327041626
926
277
1.3340206146240234
48
782
0.6173434257507324
920
269
0.40911436080932617
922
272
0.6173434257507324
926
277
0.4685823917388916
924
271
0.8264250755310059
924
268
0.5284450054168701
930
275
0.46885251998901367
923
276
0.31975221633911133
926
271
0.3638589382171631
926
272
0.45369696617126465
922
272
0.5807356834411621
923
270
0.4824867248535156
926
269
0.4309267997741699
928
275
0.4249236583709717
930
270
0.43958234786987305
933
272
0.587634801864624
926
272
0.47582054138183594
926
269
0.4240000247955322
929
272
0.41591429710388184
923
270
1.4673373699188232
927
271
0.47582054138183594
914
271
0.4095571041107178
926
265
0.3638589382171631
923
276
0.3856685161590576
921
273
0.5741868019104004
922
269
0.8933682441711426
914
271
1.4673373699188232
930
275
0.9018476009368896
927
271
0.47582054138183594
926
269
0.46195220947265625
922
269
0.25925254821777344
925
273
0.42315244674682617
933
272
0.33525538444519043
924
272
0.3643496036529541
927
269
0.8591568470001221
927
265
1.4673373699188232
928
276
0.6255772113800049
928
278
0.3782157897949219
924
274
1.042797327041626
932
274
0.5284450054168701
930
270
0.2739896774291992
924
275
0.42357492446899414
924
268
0.8933682441711426
922
271
1.042797327041626
923
276
0.6997816562652588
925
272
0.9018476009368896
928
278
0.341691255569458
924
274
0.6548733711242676
928
278
0.4095571041107178
922
269
0.6022369861602783
927
265
0.33525538444519043
928
273
0.6997816562652588
927
271
0.4752492904663086
923
276
0.46195220947265625
927
269
0.43958234786987305
927
271
0.49155640602111816
922
272
0.707421064376831
914
271
0.4685823917388916
924
275
0.46195220947265625
921
273
0.15516185760498047
924
268
0.6047685146331787
928
275
1.907926082611084
923
276
0.3638589382171631
927
271
0.43166279792785645
928
278
0.3573431968688965
930
275
0.8786296844482422
922
271
1.907926082611084
925
273
0.46885251998901367
926
269
0.3643496036529541
924
275
1.9755923748016357
930
270
0.4679262638092041
932
274
0.4824867248535156
922
273
0.8264250755310059
926
277
2.0717601776123047
922
272
0.40943193435668945
925
272
0.4240550994873047
923
270
0.8332245349884033
923
270
0.4095571041107178
930
270
0.3643496036529541
926
269
0.43958234786987305
928
275
0.529634952545166
926
272
0.13238167762756348
928
272
3.4369919300079346
927
271
0.35660862922668457
928
278
0.25925254821777344
928
278
1.3340206146240234
924
268
0.9603166580200195
926
271
0.41591429710388184
933
272
0.9018476009368896
920
269
0.4679262638092041
914
271
0.25925254821777344
928
276
0.37211155891418457
932
274
0.37211155891418457
921
273
0.5807356834411621
924
275
0.15516185760498047
924
272
0.46195220947265625
922
273
1.3340206146240234
927
271
0.4234652519226074
925
273
0.4391458034515381
926
277
0.4234652519226074
925
273
0.529634952545166
923
270
0.4685823917388916
923
276
0.46195220947265625
925
272
0.2739896774291992
923
276
0.38615894317626953
927
271
0.41591429710388184
927
265
0.4309267997741699
928
272
0.5741868019104004
929
272
0.3782157897949219
924
274
0.3782157897949219
928
276
0.2739896774291992
932
274
0.40911436080932617
924
272
0.46195220947265625
929
272
0.3782157897949219
922
269
0.5268456935882568
928
278
0.37211155891418457
926
272
2.6455860137939453
928
273
0.32024121284484863
923
270
2.0717601776123047
922
272
0.446946382522583
927
265
0.589343786239624
926
272
0.3856685161590576
924
272
0.40911436080932617
930
275
0.4095759391784668
925
273
0.8706037998199463
925
274
0.4238698482513428
928
278
0.341691255569458
922
272
0.43166279792785645
928
278
0.587634801864624
933
272
1.288964033126831
926
269
0.587634801864624
925
272
0.33525538444519043
928
278
0.4309267997741699
924
272
0.13238167762756348
928
278
0.4903750419616699
926
272
0.4180276393890381
933
272
0.6255772113800049
924
272
0.42357492446899414
932
274
0.45458984375
922
273
0.9603166580200195
933
272
1.9755923748016357
929
272
1.288964033126831
924
274
1.9755923748016357
932
274
0.6047685146331787
924
275
0.13238167762756348
922
269
2.6455860137939453
927
271
0.4238698482513428
928
272
0.4180276393890381
922
273
0.43958234786987305
927
269
1.9755923748016357
48
782
0.4234652519226074
925
272
0.15516185760498047
926
265
0.35660862922668457
928
276
0.6548733711242676
926
265
0.3573431968688965
926
265
2.1170706748962402
926
277
0.341691255569458
925
272
0.8332245349884033
927
265
0.25925254821777344
922
269
0.707421064376831
925
272
0.4679262638092041
927
271
0.31975221633911133
924
275
0.6558566093444824
924
274
0.42357492446899414
924
275
0.6255772113800049
922
271
0.6173434257507324
928
275
0.35660862922668457
926
271
0.5807356834411621
922
273
0.3782157897949219
922
271
1.4673373699188232
926
269
0.5284450054168701
928
273
0.529634952545166
923
276
0.42357492446899414
924
268
0.4679262638092041
932
274
1.288964033126831
926
271
0.446946382522583
922
271
0.43927955627441406
930
270
0.8591568470001221
924
275
1.288964033126831
928
278
1.3340206146240234
926
271
0.2739896774291992
924
274
0.8591568470001221
922
271
0.4328014850616455
923
270
0.341691255569458
927
271
0.47582054138183594
923
270
0.13238167762756348
922
272
0.2739896774291992
925
274
0.6173434257507324
914
271
0.5807356834411621
925
273
0.5268456935882568
924
272
0.4240550994873047
932
274
2.0717601776123047
924
268
0.8786296844482422
922
271
1.907926082611084
929
272
0.6022369861602783
930
270
0.341691255569458
924
271
0.43927955627441406
932
274
0.5807356834411621
921
273
0.4685823917388916
924
274
0.6694481372833252
922
269
0.32024121284484863
924
268
0.8264250755310059
922
272
0.4824867248535156
927
265
0.40987610816955566
924
272
0.13238167762756348
924
271
0.341691255569458
926
272
0.3643496036529541
933
272
0.589343786239624
920
269
0.8933682441711426
921
273
0.45369696617126465
922
269
0.6997816562652588
924
272
0.25925254821777344
927
269
0.5268456935882568
921
273
0.40911436080932617
930
275
0.45369696617126465
926
272
0.8933682441711426
923
276
0.4249236583709717
933
272
0.6694481372833252
920
269
3.4369919300079346
926
269
0.446946382522583
929
272
0.40943193435668945
928
276
0.40943193435668945
922
273
0.5807356834411621
932
274
0.17014622688293457
930
270
0.40943193435668945
926
269
0.2739896774291992
922
271
1.3340206146240234
923
270
0.4824867248535156
928
273
0.6558566093444824
929
272
0.3643496036529541
926
269
0.4679262638092041
924
271
0.3510279655456543
928
273
1.288964033126831
924
271
0.3643496036529541
922
271
0.43166279792785645
928
273
0.43958234786987305
927
271
0.13238167762756348
925
272
1.042797327041626
926
272
0.4240000247955322
926
277
0.35660862922668457
921
273
1.042797327041626
922
272
0.8332245349884033
929
272
0.43122220039367676
924
271
0.6558566093444824
925
272
0.6548733711242676
925
272
0.4752492904663086
926
272
0.4545266628265381
926
272
0.4679262638092041
926
277
0.6694481372833252
920
269
0.33525538444519043
921
273
0.529634952545166
924
274
0.46195220947265625
925
272
0.2977273464202881
923
270
0.41591429710388184
921
273
0.341691255569458
926
272
0.3573431968688965
926
269
0.5741868019104004
926
269
0.42315244674682617
922
273
0.6548733711242676
930
270
0.4752492904663086
927
271
1.3340206146240234
924
272
0.25925254821777344
926
277
0.4180276393890381
924
271
0.4095571041107178
926
265
0.7298696041107178
928
272
0.3638589382171631
922
269
0.3856685161590576
925
273
0.32024121284484863
924
271
0.7298696041107178
928
272
0.589343786239624
933
272
0.40943193435668945
927
269
0.40987610816955566
927
271
0.3782157897949219
928
276
0.13238167762756348
928
276
0.40943193435668945
926
271
0.32024121284484863
924
275
0.42315244674682617
928
278
0.5268456935882568
927
269
0.5284450054168701
928
278
0.40987610816955566
924
275
0.15516185760498047
922
272
1.907926082611084
926
272
0.4309267997741699
932
274
0.42315244674682617
925
273
0.587634801864624
930
270
0.9018476009368896
923
276
0.8933682441711426
925
274
0.43166518211364746
930
275
0.7298696041107178
927
269
0.4240550994873047
929
272
0.43122220039367676
927
265
0.40987610816955566
920
269
0.43958234786987305
921
273
0.38615894317626953
925
273
0.4391458034515381
926
272
0.13238167762756348
928
273
0.4903750419616699
921
273
0.6173434257507324
933
272
0.41591429710388184
930
270
0.35660862922668457
924
272
0.3573431968688965
928
275
0.4095571041107178
914
271
0.6022369861602783
922
272
0.8933682441711426
926
269
0.4234652519226074
926
265
0.4597644805908203
48
782
1.3340206146240234
924
271
0.3643496036529541
928
278
0.2977273464202881
928
278
0.446946382522583
927
269
1.042797327041626
924
271
0.40943193435668945
933
272
0.4391458034515381
928
273
0.6694481372833252
924
268
0.46195220947265625
920
269
0.3643496036529541
925
273
0.6255772113800049
924
272
0.4240000247955322
929
272
2.1170706748962402
924
274
0.4824867248535156
927
269
0.43958234786987305
926
271
0.4685823917388916
922
272
0.4180276393890381
924
272
0.4903750419616699
928
276
0.4249236583709717
930
275
0.5741868019104004
922
271
0.31975221633911133
925
272
1.9755923748016357
922
269
0.8332245349884033
924
271
0.31975221633911133
929
272
0.17014622688293457
914
271
1.9755923748016357
930
275
0.587634801864624
926
277
0.49155640602111816
924
275
0.3782157897949219
927
271
0.707421064376831
924
268
0.4391458034515381
923
270
0.707421064376831
924
274
0.4536306858062744
930
275
0.4328014850616455
925
273
0.4095571041107178
922
272
0.42357492446899414
926
271
0.42357492446899414
929
272
0.4536306858062744
48
782
0.3856685161590576
929
272
0.8933682441711426
927
265
0.8933682441711426
925
273
0.2977273464202881
925
272
0.4240550994873047
925
272
0.4597644805908203
928
273
0.8786296844482422
933
272
0.6173434257507324
925
274
0.3573431968688965
924
268
0.2739896774291992
925
272
1.3340206146240234
926
265
0.529634952545166
914
271
0.6173434257507324
926
269
0.43122220039367676
928
275
0.31975221633911133
926
265
0.3510279655456543
923
276
0.42315244674682617
925
274
0.4234652519226074
927
269
0.4095759391784668
921
273
0.3856685161590576
928
275
0.4097447395324707
926
271
0.40943193435668945
925
274
0.3573431968688965
924
268
0.35660862922668457
928
276
0.4545266628265381
932
274
0.6548733711242676
929
272
0.45458984375
933
272
2.1170706748962402
932
274
0.5741868019104004
924
272
0.6173434257507324
930
270
0.4545266628265381
922
272
0.46885251998901367
922
269
0.43166518211364746
921
273
0.4536306858062744
48
782
0.8786296844482422
925
272
3.4369919300079346
922
273
1.042797327041626
933
272
0.4536306858062744
923
270
0.4391458034515381
928
275
0.4238698482513428
922
269
0.43166518211364746
924
274
0.40911436080932617
928
273
0.49155640602111816
926
271
0.707421064376831
928
273
0.4328014850616455
933
272
0.707421064376831
924
272
0.45458984375
924
275
0.40943193435668945
924
274
0.47582054138183594
928
276
0.2977273464202881
925
272
2.1170706748962402
928
273
0.35660862922668457
925
273
0.4309267997741699
927
271
0.46885251998901367
933
272
0.4824867248535156
924
272
0.8786296844482422
928
275
0.3856685161590576
925
272
0.35660862922668457
48
782
0.49155640602111816
927
271
0.32024121284484863
928
278
3.4369919300079346
924
268
0.43166518211364746
924
272
0.43927955627441406
926
272
0.6022369861602783
925
273
0.42357492446899414
923
276
1.3340206146240234
926
277
0.4612765312194824
926
269
0.3510279655456543
925
272
0.3510279655456543
928
278
0.6255772113800049
927
269
0.8264250755310059
932
274
0.7298696041107178
925
273
0.6173434257507324
929
272
0.4612765312194824
927
265
0.8933682441711426
928
273
0.4597644805908203
928
275
0.9603166580200195
924
272
0.5284450054168701
924
268
0.4234652519226074
928
273
0.43927955627441406
48
782
0.6047685146331787
928
273
0.2977273464202881
922
271
0.4679262638092041
926
277
0.4180276393890381
923
270
0.6558566093444824
923
270
0.6022369861602783
924
274
0.8264250755310059
930
270
0.43166279792785645
925
272
0.6548733711242676
924
268
1.907926082611084
928
273
0.32024121284484863
922
271
0.4240000247955322
924
275
0.3510279655456543
924
275
0.589343786239624
926
271
0.6997816562652588
926
271
0.49155640602111816
924
272
0.43166279792785645
923
270
0.4240550994873047
927
271
0.6022369861602783
921
273
0.40911436080932617
928
272
3.4369919300079346
930
275
0.6694481372833252
925
273
0.41591429710388184
922
272
0.4824867248535156
928
276
0.40987610816955566
926
269
0.9018476009368896
928
276
0.6255772113800049
48
782
1.907926082611084
924
271
0.4679262638092041
923
276
0.2977273464202881
928
276
0.3573431968688965
928
273
0.7298696041107178
932
274
0.47582054138183594
928
275
0.4752492904663086
922
272
0.31975221633911133
921
273
0.33525538444519043
925
274
0.4545266628265381
921
273
0.6548733711242676
927
265
0.4234652519226074
925
273
0.4238698482513428
926
269
0.33525538444519043
926
272
0.4391458034515381
922
273
0.7298696041107178
926
272
0.8706037998199463
921
273
0.38615894317626953
922
273
0.4545266628265381
926
272
0.4240550994873047
926
269
2.0717601776123047
930
270
0.49155640602111816
923
270
0.6997816562652588
924
275
0.9018476009368896
925
272
0.43958234786987305
932
274
0.6548733711242676
927
269
0.446946382522583
927
271
0.4180276393890381
914
271
0.6255772113800049
927
269
0.6997816562652588
926
269
0.4536306858062744
925
274
0.3638589382171631
928
276
0.43166518211364746
927
265
3.4369919300079346
924
274
0.6694481372833252
924
268
3.4369919300079346
921
273
0.4249236583709717
922
271
0.8706037998199463
914
271
0.38615894317626953
926
265
0.589343786239624
921
273
0.4903750419616699
926
272
0.2977273464202881
920
269
0.40943193435668945
928
272
0.42315244674682617
930
275
0.4597644805908203
928
276
0.4536306858062744
928
272
0.3926103115081787
920
269
0.6548733711242676
925
272
0.4095571041107178
924
268
0.3638589382171631
926
269
0.40987610816955566
930
270
0.3782157897949219
927
271
3.4369919300079346
925
273
0.4824867248535156
924
272
0.2739896774291992
922
273
3.4369919300079346
927
265
0.4328014850616455
923
276
0.2977273464202881
925
273
0.47582054138183594
927
265
0.43166279792785645
925
272
0.4536306858062744
930
275
0.43958234786987305
928
278
0.32024121284484863
921
273
0.4180276393890381
920
269
0.4328014850616455
925
274
0.8933682441711426
927
265
0.45458984375
923
270
0.42357492446899414
922
272
0.4097447395324707
928
278
0.341691255569458
48
782
0.4240550994873047
924
271
0.5268456935882568
932
274
0.707421064376831
924
268
0.446946382522583
928
275
0.8264250755310059
929
272
0.3782157897949219
927
265
0.8264250755310059
922
273
1.3340206146240234
922
271
0.425213098526001
929
272
0.587634801864624
922
272
0.4752492904663086
914
271
0.13238167762756348
925
272
0.3638589382171631
925
272
0.15516185760498047
929
272
0.45369696617126465
930
275
0.4824867248535156
925
273
0.529634952545166
925
272
0.4095571041107178
932
274
0.4685823917388916
920
269
0.5807356834411621
922
273
0.4234652519226074
921
273
1.288964033126831
923
270
0.4679262638092041
922
271
0.4903750419616699
933
272
0.43166279792785645
928
272
0.4095571041107178
925
274
0.45458984375
925
273
0.4685823917388916
928
275
0.3510279655456543
928
272
0.25925254821777344
928
276
0.38615894317626953
932
274
0.43927955627441406
925
274
0.40911436080932617
929
272
0.707421064376831
930
270
0.8786296844482422
927
269
0.6997816562652588
924
268
0.8591568470001221
925
273
0.4095571041107178
914
271
0.4597644805908203
926
265
0.4240000247955322
925
273
0.5284450054168701
933
272
1.9755923748016357
920
269
0.4536306858062744
920
269
0.4536306858062744
932
274
0.8933682441711426
929
272
0.3643496036529541
922
273
0.43166279792785645
924
268
0.41591429710388184
925
272
0.49155640602111816
925
273
0.4234652519226074
928
272
1.3340206146240234
926
277
3.4369919300079346
927
271
0.4903750419616699
924
272
0.8264250755310059
930
275
0.49155640602111816
914
271
0.4752492904663086
927
271
0.43166279792785645
928
273
0.3856685161590576
924
268
0.6047685146331787
927
271
0.8591568470001221
48
782
0.6022369861602783
922
273
0.9603166580200195
928
272
0.8706037998199463
932
274
0.446946382522583
914
271
0.3510279655456543
929
272
0.4095571041107178
928
272
0.5284450054168701
926
271
0.4328014850616455
926
265
0.4240000247955322
924
272
0.3510279655456543
932
274
0.529634952545166
