924
268
0.4597644805908203
932
274
0.9018476009368896
930
275
1.4673373699188232
914
271
0.17014622688293457
48
782
3.4369919300079346
926
269
0.5284450054168701
925
272
0.4545266628265381
932
274
0.25925254821777344
926
269
0.4597644805908203
930
275
0.425213098526001
923
270
1.3340206146240234
924
271
0.47582054138183594
933
272
0.37211155891418457
924
271
0.41591429710388184
932
274
0.8332245349884033
928
278
0.8264250755310059
927
269
2.1170706748962402
925
273
0.25925254821777344
926
272
0.45458984375
930
270
0.5268456935882568
928
275
0.9603166580200195
924
275
0.425213098526001
926
269
0.6694481372833252
923
270
0.425213098526001
924
268
3.4369919300079346
930
275
3.4369919300079346
48
782
0.4391458034515381
928
276
0.45458984375
921
273
0.4824867248535156
930
275
0.8706037998199463
922
271
0.42315244674682617
932
274
0.4545266628265381
924
274
0.2739896774291992
930
275
0.46195220947265625
930
275
0.43166518211364746
922
269
0.41591429710388184
928
278
0.42315244674682617
922
269
0.6548733711242676
932
274
0.46195220947265625
922
269
0.4679262638092041
925
274
0.3782157897949219
932
274
0.3926103115081787
924
271
0.4685823917388916
924
275
0.25925254821777344
929
272
0.4824867248535156
932
274
0.8264250755310059
927
269
0.3573431968688965
930
270
0.43958234786987305
928
276
0.43122220039367676
928
273
0.9603166580200195
923
270
0.47582054138183594
928
275
0.7298696041107178
925
274
0.3856685161590576
923
276
0.446946382522583
921
273
0.7298696041107178
925
272
0.4097447395324707
926
272
1.288964033126831
927
269
0.46195220947265625
922
269
0.4536306858062744
928
276
0.2739896774291992
48
782
0.4545266628265381
928
273
0.6022369861602783
48
782
2.0717601776123047
926
265
0.40943193435668945
927
269
0.4238698482513428
922
273
2.0717601776123047
48
782
0.49155640602111816
921
273
0.589343786239624
922
273
0.2739896774291992
48
782
0.425213098526001
922
271
0.6173434257507324
922
273
0.4752492904663086
926
271
0.4328014850616455
926
271
0.4309267997741699
928
278
0.4095571041107178
921
273
0.6997816562652588
48
782
0.5807356834411621
921
273
0.5807356834411621
923
276
0.4180276393890381
924
272
0.4238698482513428
924
274
0.3510279655456543
923
276
0.446946382522583
924
275
3.4369919300079346
926
271
0.341691255569458
924
275
0.25925254821777344
924
271
0.587634801864624
924
271
0.43927955627441406
926
265
0.17014622688293457
922
271
0.3643496036529541
922
272
0.17014622688293457
925
273
0.45458984375
914
271
0.4391458034515381
928
278
0.4328014850616455
927
271
0.4612765312194824
927
269
0.4095759391784668
923
270
0.8786296844482422
925
272
0.6694481372833252
930
275
2.1170706748962402
922
273
0.4536306858062744
923
276
0.4612765312194824
928
272
0.8264250755310059
924
274
0.46195220947265625
928
276
0.9018476009368896
922
273
0.3643496036529541
928
272
0.40911436080932617
922
271
0.46885251998901367
924
268
0.3510279655456543
924
271
0.6255772113800049
928
275
0.35660862922668457
928
272
0.6022369861602783
928
272
0.41591429710388184
48
782
0.446946382522583
927
271
1.907926082611084
925
272
0.3926103115081787
923
270
0.3926103115081787
925
272
0.4095571041107178
48
782
0.707421064376831
928
272
0.4240000247955322
927
271
2.6455860137939453
924
275
1.907926082611084
922
271
0.8591568470001221
933
272
0.4903750419616699
925
273
0.2977273464202881
928
278
0.46885251998901367
927
269
0.42315244674682617
930
275
0.13238167762756348
928
276
0.4240000247955322
929
272
0.6558566093444824
925
273
0.6255772113800049
922
271
0.46885251998901367
48
782
0.43166279792785645
924
268
0.31975221633911133
928
275
0.4249236583709717
928
273
0.4095571041107178
928
278
0.4903750419616699
922
273
0.4095759391784668
926
272
0.6548733711242676
923
270
0.3926103115081787
926
269
0.5807356834411621
924
274
0.8706037998199463
927
265
0.35660862922668457
923
270
0.5741868019104004
924
268
0.15516185760498047
926
269
2.1170706748962402
928
275
0.4679262638092041
924
268
0.37211155891418457
930
270
0.5741868019104004
922
272
0.2977273464202881
924
274
0.9603166580200195
925
274
0.40987610816955566
926
269
0.35660862922668457
926
271
1.4673373699188232
925
274
0.4328014850616455
927
271
0.4545266628265381
923
276
0.6694481372833252
933
272
0.17014622688293457
927
269
0.8933682441711426
926
265
0.6047685146331787
933
272
1.9755923748016357
924
274
0.2739896774291992
928
275
0.5741868019104004
933
272
0.46885251998901367
914
271
0.3856685161590576
920
269
1.042797327041626
925
274
0.6047685146331787
927
269
0.41591429710388184
928
275
0.49155640602111816
923
270
0.3856685161590576
926
265
0.4095759391784668
928
272
0.9603166580200195
928
278
0.43958234786987305
922
269
0.47582054138183594
923
276
0.4597644805908203
924
271
0.4752492904663086
923
270
0.43166518211364746
928
272
0.7298696041107178
924
271
0.4824867248535156
932
274
0.35660862922668457
928
273
0.5268456935882568
930
275
0.42315244674682617
922
269
0.5284450054168701
923
276
0.43166518211364746
48
782
0.4309267997741699
930
275
2.6455860137939453
926
271
0.25925254821777344
929
272
0.6047685146331787
922
271
2.0717601776123047
922
273
0.9018476009368896
924
271
0.6047685146331787
922
271
1.4673373699188232
926
277
0.4903750419616699
928
273
0.40911436080932617
924
268
0.8706037998199463
930
275
0.8933682441711426
925
274
0.4095571041107178
929
272
0.4597644805908203
921
273
0.47582054138183594
925
273
0.4597644805908203
925
273
0.6694481372833252
928
273
0.4249236583709717
926
265
1.288964033126831
929
272
0.7298696041107178
922
272
1.4673373699188232
930
270
2.1170706748962402
926
271
0.6047685146331787
928
275
0.4685823917388916
922
273
1.9755923748016357
926
272
0.47582054138183594
933
272
0.2739896774291992
925
273
0.707421064376831
926
272
0.707421064376831
932
274
0.47582054138183594
927
271
0.33525538444519043
923
276
0.6548733711242676
922
271
0.4752492904663086
928
273
0.38615894317626953
927
271
0.43122220039367676
920
269
0.4752492904663086
926
269
0.42357492446899414
928
273
0.4234652519226074
924
271
0.8332245349884033
928
272
0.40943193435668945
925
274
0.43958234786987305
48
782
0.4328014850616455
929
272
0.9603166580200195
914
271
0.40911436080932617
914
271
1.042797327041626
48
782
0.45458984375
928
273
0.6173434257507324
925
272
0.5268456935882568
922
272
0.3573431968688965
933
272
0.8706037998199463
922
273
0.4249236583709717
924
271
0.425213098526001
930
275
0.41591429710388184
929
272
0.42357492446899414
927
269
0.6255772113800049
923
276
0.6173434257507324
922
272
0.4095759391784668
914
271
0.529634952545166
928
278
0.3510279655456543
928
276
0.4095571041107178
926
277
0.46885251998901367
924
274
0.2739896774291992
932
274
0.49155640602111816
932
274
0.38615894317626953
924
274
1.3340206146240234
924
271
0.2739896774291992
922
271
0.13238167762756348
927
265
0.6558566093444824
926
265
0.4752492904663086
926
265
0.6022369861602783
922
272
0.42315244674682617
928
278
0.341691255569458
922
273
0.40911436080932617
923
270
0.4240550994873047
924
268
0.8933682441711426
920
269
0.6694481372833252
926
265
0.4391458034515381
928
275
0.4391458034515381
922
269
0.8933682441711426
923
276
0.425213098526001
927
265
0.42315244674682617
922
269
0.40911436080932617
922
273
0.41591429710388184
924
268
0.4545266628265381
924
271
0.3573431968688965
923
270
0.341691255569458
922
272
0.6022369861602783
927
265
0.42315244674682617
927
271
0.41591429710388184
922
271
0.4238698482513428
928
275
0.5284450054168701
927
265
0.43927955627441406
925
274
0.46885251998901367
923
276
0.15516185760498047
928
272
0.3643496036529541
928
278
0.15516185760498047
930
270
2.6455860137939453
927
265
0.35660862922668457
922
272
0.45369696617126465
926
271
0.6047685146331787
924
275
0.3643496036529541
48
782
0.4095571041107178
924
275
0.6255772113800049
932
274
0.2977273464202881
928
275
0.6558566093444824
48
782
0.8706037998199463
920
269
0.587634801864624
926
277
1.9755923748016357
922
273
0.4685823917388916
926
269
0.42315244674682617
920
269
0.9603166580200195
926
265
0.6694481372833252
928
275
0.49155640602111816
927
271
0.4824867248535156
48
782
0.5741868019104004
48
782
0.17014622688293457
925
273
0.43166518211364746
928
275
0.4095571041107178
932
274
2.1170706748962402
924
275
0.32024121284484863
924
268
0.47582054138183594
921
273
0.33525538444519043
927
271
0.5741868019104004
926
277
0.8706037998199463
927
265
0.5268456935882568
914
271
0.4095571041107178
920
269
0.707421064376831
920
269
0.43166279792785645
922
269
0.446946382522583
928
276
1.3340206146240234
928
275
0.8591568470001221
914
271
0.4309267997741699
923
276
0.3782157897949219
928
273
0.2739896774291992
923
270
0.8332245349884033
926
277
0.589343786239624
932
274
0.589343786239624
925
272
0.4309267997741699
928
278
0.43166518211364746
926
265
0.4240550994873047
924
275
0.43927955627441406
932
274
0.42315244674682617
920
269
0.3643496036529541
922
273
1.907926082611084
922
272
0.49155640602111816
929
272
0.707421064376831
929
272
0.9018476009368896
925
274
0.49155640602111816
924
275
3.4369919300079346
924
275
0.46885251998901367
926
277
0.32024121284484863
926
272
0.4903750419616699
923
276
0.31975221633911133
925
274
0.8706037998199463
928
278
0.37211155891418457
924
271
0.9018476009368896
928
273
0.3856685161590576
932
274
0.43927955627441406
928
276
0.42315244674682617
922
273
0.425213098526001
922
269
0.589343786239624
924
275
0.31975221633911133
923
276
0.8264250755310059
927
265
0.6997816562652588
922
272
0.3643496036529541
926
272
0.4097447395324707
914
271
0.42315244674682617
926
277
0.40987610816955566
926
272
0.4095759391784668
48
782
0.4391458034515381
928
273
0.3573431968688965
928
273
0.4679262638092041
926
271
1.4673373699188232
928
276
0.4240550994873047
924
275
0.43166279792785645
926
271
0.8706037998199463
923
270
0.589343786239624
926
272
0.707421064376831
928
275
0.35660862922668457
925
273
0.6997816562652588
925
272
0.425213098526001
926
265
0.5807356834411621
928
278
0.3782157897949219
932
274
0.43927955627441406
922
271
0.4679262638092041
932
274
0.40911436080932617
914
271
0.4095759391784668
928
278
3.4369919300079346
922
269
0.6548733711242676
926
269
0.4545266628265381
925
273
0.707421064376831
928
278
0.43927955627441406
924
274
0.5268456935882568
930
275
0.37211155891418457
933
272
0.6548733711242676
928
273
0.32024121284484863
932
274
2.1170706748962402
922
273
0.41591429710388184
928
278
0.5741868019104004
922
269
0.425213098526001
928
272
0.4545266628265381
920
269
0.587634801864624
929
272
0.45369696617126465
927
271
0.425213098526001
922
272
0.6022369861602783
928
275
0.4240550994873047
926
269
0.3782157897949219
928
278
0.42315244674682617
933
272
0.49155640602111816
926
269
0.6694481372833252
927
271
0.5741868019104004
926
265
0.6558566093444824
922
272
0.38615894317626953
924
274
0.3856685161590576
928
278
0.8591568470001221
928
273
0.42315244674682617
928
273
0.4679262638092041
926
277
0.40943193435668945
914
271
1.042797327041626
924
274
0.6694481372833252
928
276
0.43927955627441406
923
270
0.707421064376831
928
278
0.4328014850616455
923
276
1.907926082611084
933
272
0.4309267997741699
929
272
0.6022369861602783
926
277
0.425213098526001
921
273
0.4903750419616699
922
273
0.6558566093444824
923
276
0.4685823917388916
926
277
1.288964033126831
924
271
0.425213098526001
914
271
0.45458984375
928
275
0.43927955627441406
926
271
1.907926082611084
928
272
0.3638589382171631
922
271
0.587634801864624
924
272
0.587634801864624
926
269
0.4597644805908203
926
271
0.4249236583709717
923
276
0.4545266628265381
922
272
0.4095571041107178
926
272
3.4369919300079346
928
275
0.8264250755310059
928
276
0.6047685146331787
48
782
0.6694481372833252
926
277
0.3856685161590576
925
272
1.3340206146240234
930
275
3.4369919300079346
929
272
0.38615894317626953
926
272
0.4612765312194824
922
271
0.45369696617126465
926
277
1.4673373699188232
926
265
0.31975221633911133
922
271
0.6997816562652588
926
269
0.37211155891418457
926
272
0.3510279655456543
924
272
0.5268456935882568
927
271
0.45458984375
933
272
0.589343786239624
925
274
0.15516185760498047
926
269
0.3926103115081787
930
275
2.0717601776123047
926
269
0.8933682441711426
924
275
0.43166279792785645
929
272
0.47582054138183594
927
269
0.5741868019104004
928
276
0.8591568470001221
922
271
0.6255772113800049
928
272
0.8264250755310059
926
271
0.6694481372833252
922
271
0.45369696617126465
922
269
0.33525538444519043
922
273
0.3510279655456543
922
271
0.40987610816955566
932
274
1.3340206146240234
927
271
0.4545266628265381
926
277
1.907926082611084
930
270
0.425213098526001
929
272
0.6047685146331787
929
272
0.42315244674682617
924
268
0.589343786239624
925
273
2.0717601776123047
914
271
0.4097447395324707
923
276
0.8706037998199463
926
271
0.8591568470001221
924
274
0.5268456935882568
923
270
0.3782157897949219
923
270
1.3340206146240234
930
275
0.49155640602111816
928
278
0.4545266628265381
926
272
0.13238167762756348
924
271
1.907926082611084
921
273
0.33525538444519043
924
268
0.4752492904663086
925
272
0.8264250755310059
920
269
0.4240000247955322
933
272
0.6548733711242676
926
269
0.4238698482513428
929
272
0.15516185760498047
925
272
0.4679262638092041
928
276
0.4097447395324707
926
272
0.6173434257507324
922
269
0.3638589382171631
928
275
0.33525538444519043
930
275
0.31975221633911133
923
270
0.8933682441711426
924
275
0.4536306858062744
926
271
0.42357492446899414
922
272
0.9603166580200195
926
271
1.3340206146240234
929
272
1.042797327041626
928
275
0.25925254821777344
923
270
0.38615894317626953
924
272
0.49155640602111816
926
271
0.4612765312194824
921
273
0.8786296844482422
930
275
0.5268456935882568
926
277
0.4328014850616455
922
272
0.4545266628265381
928
273
1.288964033126831
930
270
0.425213098526001
923
270
0.4328014850616455
925
273
0.4095571041107178
926
271
0.45458984375
922
269
0.5268456935882568
933
272
0.589343786239624
930
270
0.35660862922668457
928
275
0.9018476009368896
928
272
0.4752492904663086
924
271
0.6173434257507324
924
268
0.6694481372833252
925
274
0.4309267997741699
924
268
0.8706037998199463
925
272
1.9755923748016357
926
269
0.5741868019104004
922
273
0.3643496036529541
914
271
2.0717601776123047
930
270
0.2739896774291992
922
272
0.6255772113800049
925
272
0.446946382522583
932
274
0.6255772113800049
924
275
0.8706037998199463
914
271
0.2739896774291992
929
272
0.46885251998901367
932
274
0.4536306858062744
922
272
0.13238167762756348
922
273
0.8786296844482422
928
272
0.6694481372833252
914
271
0.4180276393890381
928
273
2.0717601776123047
929
272
0.6022369861602783
927
271
0.32024121284484863
926
269
0.7298696041107178
929
272
0.8933682441711426
922
271
0.4097447395324707
928
275
0.33525538444519043
929
272
0.13238167762756348
932
274
0.3782157897949219
920
269
0.38615894317626953
925
274
0.341691255569458
922
272
0.4234652519226074
928
278
0.425213098526001
924
272
0.4391458034515381
924
274
0.4391458034515381
927
265
0.40987610816955566
922
269
0.4234652519226074
921
273
0.43166518211364746
922
271
0.13238167762756348
929
272
0.46195220947265625
925
273
0.6173434257507324
927
271
0.41591429710388184
925
273
0.5284450054168701
920
269
0.5807356834411621
929
272
0.4238698482513428
926
271
0.8786296844482422
933
272
1.3340206146240234
914
271
0.4597644805908203
926
277
0.8786296844482422
933
272
0.4824867248535156
927
271
0.4095759391784668
929
272
0.6022369861602783
922
271
0.4095759391784668
920
269
0.446946382522583
925
273
1.9755923748016357
928
276
0.15516185760498047
930
275
0.49155640602111816
930
275
0.4249236583709717
924
272
0.4752492904663086
927
265
0.45369696617126465
922
272
0.37211155891418457
914
271
0.47582054138183594
48
782
0.37211155891418457
928
276
0.4752492904663086
922
273
0.4095571041107178
922
269
1.9755923748016357
927
269
0.17014622688293457
914
271
0.2739896774291992
920
269
0.6022369861602783
928
272
0.707421064376831
923
276
0.6997816562652588
922
272
0.4238698482513428
929
272
0.6047685146331787
48
782
0.45458984375
926
277
0.35660862922668457
927
271
0.707421064376831
922
271
0.42357492446899414
924
275
1.288964033126831
922
269
0.6694481372833252
922
273
0.529634952545166
929
272
0.529634952545166
925
273
1.042797327041626
921
273
0.25925254821777344
927
269
0.446946382522583
926
277
0.41591429710388184
927
269
0.4679262638092041
48
782
0.6558566093444824
926
271
0.425213098526001
925
274
0.6047685146331787
930
275
0.49155640602111816
914
271
0.4685823917388916
924
271
0.43166518211364746
923
270
0.8706037998199463
922
269
0.43122220039367676
924
268
1.3340206146240234
930
275
0.446946382522583
48
782
0.3926103115081787
925
272
0.4545266628265381
928
278
0.3573431968688965
928
276
0.4328014850616455
925
274
0.5807356834411621
926
272
0.4240550994873047
928
276
0.15516185760498047
923
276
0.4597644805908203
926
271
0.6997816562652588
922
272
0.9018476009368896
933
272
0.31975221633911133
930
275
0.43166518211364746
927
265
1.3340206146240234
928
276
1.288964033126831
922
273
0.42357492446899414
926
277
0.2977273464202881
930
275
0.40911436080932617
914
271
0.33525538444519043
930
270
0.33525538444519043
925
273
0.2977273464202881
925
274
0.4095571041107178
920
269
0.4309267997741699
925
272
0.43166518211364746
933
272
2.0717601776123047
928
275
0.6997816562652588
922
271
0.4309267997741699
924
271
0.341691255569458
920
269
0.7298696041107178
926
272
0.35660862922668457
924
272
0.4328014850616455
922
271
0.9018476009368896
922
271
0.6548733711242676
923
276
0.37211155891418457
930
275
0.42357492446899414
924
271
0.42357492446899414
930
275
0.6047685146331787
926
269
0.6047685146331787
920
269
0.4824867248535156
925
272
1.288964033126831
926
265
0.31975221633911133
924
274
0.9018476009368896
926
277
0.17014622688293457
928
273
0.25925254821777344
922
271
0.4097447395324707
930
270
0.43927955627441406
929
272
0.3573431968688965
920
269
0.9018476009368896
932
274
0.33525538444519043
926
272
0.8264250755310059
925
274
2.1170706748962402
932
274
0.4824867248535156
933
272
0.41591429710388184
928
278
0.4903750419616699
928
275
0.6255772113800049
926
277
0.13238167762756348
925
273
0.4612765312194824
920
269
0.45369696617126465
928
272
0.6997816562652588
924
272
0.43166518211364746
926
277
0.3782157897949219
928
276
0.4597644805908203
929
272
0.3573431968688965
926
272
1.4673373699188232
922
269
0.4545266628265381
930
270
0.587634801864624
922
273
0.529634952545166
914
271
0.2977273464202881
924
275
0.3926103115081787
925
273
0.587634801864624
923
276
0.15516185760498047
933
272
0.45458984375
926
265
0.35660862922668457
930
275
0.9018476009368896
928
275
0.5741868019104004
925
272
0.13238167762756348
914
271
0.41591429710388184
926
265
0.587634801864624
932
274
0.4391458034515381
922
272
0.46195220947265625
928
272
0.40987610816955566
924
274
0.6694481372833252
921
273
0.4234652519226074
924
271
0.38615894317626953
933
272
0.5268456935882568
928
275
0.40987610816955566
928
276
0.4597644805908203
933
272
0.43958234786987305
924
271
1.288964033126831
924
274
0.5741868019104004
926
277
1.042797327041626
926
277
0.25925254821777344
922
273
0.9018476009368896
928
276
0.4249236583709717
927
271
0.42315244674682617
920
269
0.32024121284484863
930
275
0.4095571041107178
926
272
0.43958234786987305
914
271
1.3340206146240234
926
269
0.35660862922668457
930
275
0.9603166580200195
924
272
0.38615894317626953
928
273
0.40987610816955566
932
274
0.3643496036529541
927
265
0.40943193435668945
926
271
0.33525538444519043
927
265
0.38615894317626953
925
272
0.425213098526001
926
277
0.4752492904663086
921
273
0.8786296844482422
925
272
0.4309267997741699
928
276
0.31975221633911133
928
272
0.4679262638092041
925
272
0.4903750419616699
926
269
0.4249236583709717
929
272
0.4545266628265381
933
272
1.3340206146240234
921
273
0.5284450054168701
924
268
0.4240550994873047
922
269
0.6255772113800049
923
276
2.0717601776123047
924
268
1.4673373699188232
925
273
0.40987610816955566
930
275
0.49155640602111816
927
265
0.40943193435668945
928
273
0.8933682441711426
924
272
0.9603166580200195
926
271
1.3340206146240234
928
275
1.4673373699188232
920
269
2.6455860137939453
928
272
0.32024121284484863
930
275
2.6455860137939453
48
782
0.15516185760498047
925
272
0.43166518211364746
925
274
0.42357492446899414
922
271
0.3510279655456543
927
269
0.43166279792785645
930
275
0.25925254821777344
922
269
0.6558566093444824
48
782
0.6997816562652588
928
272
0.42357492446899414
926
272
0.6694481372833252
920
269
0.6022369861602783
930
270
0.49155640602111816
924
271
0.9018476009368896
924
268
0.43927955627441406
920
269
0.4391458034515381
922
269
0.341691255569458
922
273
2.0717601776123047
928
278
0.15516185760498047
921
273
0.4240000247955322
928
278
0.4824867248535156
927
269
1.288964033126831
926
277
0.43927955627441406
928
273
0.15516185760498047
924
268
0.9603166580200195
933
272
0.3573431968688965
923
270
0.43958234786987305
924
274
0.42315244674682617
921
273
1.288964033126831
928
273
0.4309267997741699
924
274
1.3340206146240234
923
276
0.4536306858062744
926
269
2.0717601776123047
926
277
0.6173434257507324
926
265
0.6173434257507324
928
273
0.5284450054168701
925
273
0.45369696617126465
927
271
0.41591429710388184
921
273
0.6997816562652588
927
271
0.2739896774291992
926
265
0.43927955627441406
924
272
0.2739896774291992
914
271
0.4597644805908203
928
273
0.38615894317626953
926
265
0.5284450054168701
930
275
0.6694481372833252
922
269
0.31975221633911133
932
274
0.3643496036529541
925
272
0.341691255569458
928
272
0.43927955627441406
928
273
0.4685823917388916
914
271
0.4328014850616455
922
269
0.2977273464202881
927
271
0.35660862922668457
933
272
0.707421064376831
930
275
0.40987610816955566
922
272
0.4238698482513428
924
272
0.32024121284484863
926
272
0.3926103115081787
926
277
0.3510279655456543
928
276
0.4903750419616699
928
272
0.3643496036529541
928
272
1.3340206146240234
925
274
0.40911436080932617
922
273
0.3926103115081787
924
274
0.2977273464202881
930
275
0.4240000247955322
924
268
0.4545266628265381
928
276
0.17014622688293457
925
273
1.9755923748016357
923
270
1.907926082611084
923
276
0.4249236583709717
920
269
0.6047685146331787
924
271
0.4240550994873047
926
277
0.341691255569458
926
265
0.43927955627441406
927
271
0.49155640602111816
922
273
0.31975221633911133
924
271
0.41591429710388184
48
782
0.17014622688293457
933
272
0.17014622688293457
927
269
0.4328014850616455
929
272
0.41591429710388184
923
270
0.707421064376831
929
272
0.15516185760498047
914
271
0.341691255569458
927
271
0.4240000247955322
930
275
0.37211155891418457
924
268
0.6047685146331787
927
271
0.31975221633911133
924
274
0.33525538444519043
922
272
0.5741868019104004
924
274
0.49155640602111816
932
274
0.40911436080932617
930
270
1.907926082611084
924
275
0.4097447395324707
924
274
0.7298696041107178
928
278
0.42315244674682617
925
272
0.4097447395324707
927
265
1.907926082611084
48
782
0.3782157897949219
930
270
0.43122220039367676
920
269
3.4369919300079346
923
276
0.8591568470001221
922
272
0.9018476009368896
924
268
0.47582054138183594
927
265
0.4612765312194824
928
272
0.5284450054168701
927
271
0.43958234786987305
925
273
0.425213098526001
925
272
0.6548733711242676
914
271
0.17014622688293457
926
271
0.6047685146331787
920
269
0.4824867248535156
928
273
0.46885251998901367
925
272
2.6455860137939453
924
271
0.3638589382171631
925
274
0.43122220039367676
926
277
0.37211155891418457
928
278
1.042797327041626
927
265
0.6255772113800049
926
265
0.4309267997741699
929
272
0.587634801864624
929
272
0.4545266628265381
933
272
0.4536306858062744
928
276
0.4328014850616455
927
271
0.42315244674682617
925
274
0.41591429710388184
925
272
0.4612765312194824
923
276
0.4903750419616699
923
270
0.4240550994873047
922
269
0.3643496036529541
922
271
0.4545266628265381
928
272
0.42357492446899414
923
270
0.2739896774291992
925
273
0.425213098526001
928
276
1.907926082611084
926
269
0.6694481372833252
922
269
0.41591429710388184
923
276
0.6255772113800049
921
273
0.707421064376831
922
272
0.341691255569458
932
274
0.6548733711242676
920
269
0.8332245349884033
925
274
0.529634952545166
928
278
0.4545266628265381
928
275
0.3510279655456543
925
273
0.4612765312194824
926
265
0.7298696041107178
923
270
0.8264250755310059
926
265
0.6173434257507324
925
273
0.3643496036529541
927
265
0.43958234786987305
927
265
0.6694481372833252
928
275
0.4238698482513428
921
273
0.4685823917388916
922
271
0.3510279655456543
48
782
0.529634952545166
922
272
0.8332245349884033
914
271
0.6022369861602783
928
273
0.4545266628265381
928
273
0.5807356834411621
920
269
2.6455860137939453
926
269
0.2977273464202881
921
273
0.33525538444519043
930
270
0.341691255569458
930
275
0.46195220947265625
925
272
0.6022369861602783
927
265
0.6548733711242676
926
265
0.25925254821777344
928
272
0.4097447395324707
922
271
0.15516185760498047
914
271
0.33525538444519043
928
272
0.9018476009368896
933
272
0.4903750419616699
930
275
0.4545266628265381
927
265
0.5284450054168701
923
276
2.1170706748962402
926
269
3.4369919300079346
922
273
0.40911436080932617
48
782
0.3638589382171631
930
270
0.3856685161590576
930
275
0.2739896774291992
922
271
0.4249236583709717
920
269
0.31975221633911133
928
276
0.6173434257507324
924
268
0.42357492446899414
928
278
0.4328014850616455
933
272
0.446946382522583
922
269
0.425213098526001
925
273
0.17014622688293457
922
271
0.8933682441711426
926
265
0.45458984375
924
275
0.5741868019104004
928
276
0.43927955627441406
933
272
0.6548733711242676
921
273
0.47582054138183594
922
271
1.042797327041626
930
270
2.6455860137939453
924
271
2.1170706748962402
928
278
0.6173434257507324
924
271
0.46195220947265625
927
271
1.042797327041626
922
272
0.37211155891418457
928
276
0.446946382522583
933
272
0.9018476009368896
922
271
0.589343786239624
928
272
2.0717601776123047
923
270
0.6022369861602783
925
273
0.9018476009368896
922
273
0.4095759391784668
922
272
3.4369919300079346
914
271
0.8591568470001221
930
275
0.9603166580200195
925
272
0.4824867248535156
928
278
0.9603166580200195
925
274
0.25925254821777344
930
270
0.8933682441711426
920
269
0.6548733711242676
920
269
0.47582054138183594
922
269
0.8786296844482422
924
274
0.25925254821777344
928
276
0.43166279792785645
924
274
0.35660862922668457
930
270
0.6255772113800049
926
271
0.9603166580200195
924
275
0.2977273464202881
923
276
0.3510279655456543
924
272
0.4597644805908203
928
276
1.4673373699188232
925
272
0.40911436080932617
924
274
0.425213098526001
925
272
0.3782157897949219
924
275
0.17014622688293457
924
275
0.49155640602111816
928
278
0.2977273464202881
922
273
2.1170706748962402
48
782
0.4679262638092041
926
265
0.43927955627441406
925
274
0.6022369861602783
924
274
0.9603166580200195
930
270
0.4679262638092041
930
275
0.6558566093444824
923
270
0.37211155891418457
923
270
0.4240550994873047
932
274
0.8786296844482422
922
269
0.17014622688293457
922
272
0.8591568470001221
925
274
0.3643496036529541
926
265
0.25925254821777344
924
275
0.46885251998901367
924
272
0.7298696041107178
925
274
0.43958234786987305
48
782
0.425213098526001
930
270
0.6548733711242676
923
276
0.9603166580200195
927
271
0.3573431968688965
922
272
0.4612765312194824
926
271
0.4685823917388916
922
269
0.8706037998199463
924
272
0.529634952545166
924
268
0.43166518211364746
