933
272
0.3510279655456543
914
271
0.40987610816955566
921
273
2.6455860137939453
930
275
0.43122220039367676
927
271
0.7298696041107178
927
265
0.33525538444519043
922
273
0.8332245349884033
921
273
0.8706037998199463
927
269
1.3340206146240234
924
268
0.6548733711242676
921
273
0.4097447395324707
926
269
0.46885251998901367
926
271
0.4095759391784668
923
270
0.47582054138183594
914
271
0.33525538444519043
927
271
0.4545266628265381
922
272
0.25925254821777344
926
269
0.4240000247955322
928
278
0.33525538444519043
920
269
0.425213098526001
922
271
0.8933682441711426
927
265
0.4240000247955322
929
272
0.35660862922668457
920
269
0.4097447395324707
925
272
0.8332245349884033
927
271
0.4752492904663086
926
269
0.9603166580200195
927
271
0.8332245349884033
930
275
0.4679262638092041
924
271
0.47582054138183594
927
265
0.3638589382171631
926
269
0.5741868019104004
926
265
2.0717601776123047
923
276
0.4612765312194824
926
271
0.45458984375
921
273
0.4095759391784668
932
274
2.1170706748962402
925
273
2.6455860137939453
924
272
0.15516185760498047
924
271
0.8332245349884033
922
273
0.3782157897949219
930
275
0.341691255569458
927
271
0.6255772113800049
920
269
0.5741868019104004
922
269
0.3782157897949219
927
271
0.6558566093444824
928
275
0.6548733711242676
932
274
0.5284450054168701
923
276
3.4369919300079346
925
274
0.6173434257507324
926
265
0.40911436080932617
914
271
0.4391458034515381
922
269
0.4391458034515381
930
270
0.8786296844482422
925
272
0.425213098526001
930
270
2.0717601776123047
924
268
0.45369696617126465
928
273
0.4238698482513428
914
271
0.6548733711242676
927
269
0.4095571041107178
929
272
0.33525538444519043
925
274
0.4240550994873047
926
265
1.3340206146240234
921
273
0.2739896774291992
924
271
0.17014622688293457
926
271
0.3638589382171631
926
269
0.8332245349884033
933
272
0.15516185760498047
930
270
0.43927955627441406
928
276
0.9018476009368896
922
273
0.4097447395324707
926
272
0.587634801864624
927
271
0.4328014850616455
922
273
0.3643496036529541
923
270
0.4679262638092041
925
274
2.1170706748962402
914
271
0.40987610816955566
926
271
0.6022369861602783
923
276
0.45458984375
924
272
0.8591568470001221
928
276
0.5268456935882568
933
272
0.707421064376831
928
278
0.4685823917388916
920
269
0.8706037998199463
924
272
0.32024121284484863
921
273
0.37211155891418457
925
272
2.1170706748962402
926
265
0.40911436080932617
925
273
0.4309267997741699
922
273
0.37211155891418457
928
278
0.3782157897949219
923
276
0.9603166580200195
930
270
0.7298696041107178
927
265
0.4240550994873047
930
270
0.3856685161590576
926
269
0.5807356834411621
926
272
0.4545266628265381
930
270
0.43958234786987305
927
265
0.4752492904663086
926
271
0.4095759391784668
923
276
0.4679262638092041
925
273
0.3856685161590576
927
271
0.47582054138183594
928
273
0.40911436080932617
926
265
0.6022369861602783
924
274
0.6548733711242676
48
782
1.042797327041626
932
274
0.4536306858062744
922
272
0.6255772113800049
924
274
0.4180276393890381
922
269
1.288964033126831
926
277
0.40987610816955566
930
270
0.47582054138183594
925
273
0.3510279655456543
927
269
0.8264250755310059
922
272
0.47582054138183594
925
272
2.0717601776123047
926
271
0.7298696041107178
928
276
0.2739896774291992
48
782
0.341691255569458
924
275
0.4752492904663086
924
272
0.3638589382171631
922
271
0.13238167762756348
924
271
0.32024121284484863
922
272
0.43166518211364746
924
272
0.15516185760498047
922
271
0.5284450054168701
924
271
0.40911436080932617
930
270
0.45458984375
927
271
0.4536306858062744
923
276
3.4369919300079346
928
275
0.3643496036529541
933
272
0.43166279792785645
924
274
0.3782157897949219
923
270
0.8591568470001221
924
274
0.4903750419616699
922
273
0.4612765312194824
924
272
0.707421064376831
921
273
0.7298696041107178
922
273
0.4180276393890381
926
277
0.4391458034515381
926
277
0.2977273464202881
927
271
0.37211155891418457
924
271
0.4612765312194824
922
271
0.4679262638092041
923
270
0.4752492904663086
927
271
0.6997816562652588
923
270
0.425213098526001
930
270
0.3573431968688965
928
278
0.4180276393890381
930
270
0.4391458034515381
925
274
0.4095759391784668
928
272
0.8786296844482422
924
272
0.46885251998901367
924
271
0.43166279792785645
926
272
0.42357492446899414
925
272
0.6022369861602783
924
272
0.7298696041107178
927
265
0.446946382522583
928
275
0.4824867248535156
925
272
0.9018476009368896
927
265
0.7298696041107178
928
278
0.6548733711242676
928
272
0.3856685161590576
921
273
0.3856685161590576
925
274
0.4545266628265381
923
276
0.38615894317626953
922
273
0.4679262638092041
914
271
0.43927955627441406
922
271
0.40911436080932617
926
271
0.3926103115081787
923
276
0.6997816562652588
926
265
0.7298696041107178
925
272
0.7298696041107178
930
270
0.40911436080932617
925
274
0.4685823917388916
928
276
0.4097447395324707
929
272
0.3510279655456543
920
269
0.5284450054168701
930
275
0.2739896774291992
922
269
1.4673373699188232
926
272
2.6455860137939453
926
265
0.43122220039367676
48
782
0.3782157897949219
925
273
0.32024121284484863
927
265
1.042797327041626
926
271
0.4679262638092041
924
272
0.6694481372833252
926
265
1.907926082611084
923
276
0.4903750419616699
923
276
1.042797327041626
928
272
0.43958234786987305
926
277
0.4824867248535156
927
269
0.8332245349884033
930
270
0.4536306858062744
930
275
0.17014622688293457
926
277
0.6548733711242676
926
265
0.4180276393890381
933
272
1.9755923748016357
930
270
0.425213098526001
930
270
0.45369696617126465
923
276
0.4903750419616699
927
271
0.425213098526001
925
274
0.46885251998901367
922
271
0.4391458034515381
926
269
0.8933682441711426
927
269
0.4545266628265381
922
269
0.8264250755310059
924
272
0.4240550994873047
926
271
1.9755923748016357
924
275
0.4545266628265381
923
276
0.4240000247955322
928
275
0.5741868019104004
920
269
0.43122220039367676
925
272
0.43958234786987305
926
269
0.4685823917388916
930
275
0.7298696041107178
927
269
0.2977273464202881
933
272
0.3510279655456543
927
271
0.3926103115081787
923
276
0.9018476009368896
927
269
0.5741868019104004
922
272
0.15516185760498047
927
271
2.0717601776123047
932
274
0.40911436080932617
921
273
0.4679262638092041
927
265
0.8706037998199463
925
274
1.3340206146240234
922
271
0.3643496036529541
920
269
0.5284450054168701
928
278
1.4673373699188232
921
273
0.425213098526001
924
274
0.4597644805908203
923
270
0.8933682441711426
924
275
0.4824867248535156
923
276
0.45369696617126465
922
271
1.9755923748016357
920
269
1.288964033126831
928
273
0.6173434257507324
914
271
0.3926103115081787
927
271
0.6694481372833252
924
274
0.43122220039367676
928
275
0.4685823917388916
928
273
1.042797327041626
922
271
0.32024121284484863
922
273
2.6455860137939453
924
275
0.5741868019104004
928
273
0.6548733711242676
922
269
0.4328014850616455
927
269
0.43122220039367676
928
278
2.1170706748962402
924
268
0.4249236583709717
924
274
0.8786296844482422
922
272
0.4240000247955322
933
272
3.4369919300079346
927
271
0.6558566093444824
928
272
0.4095759391784668
926
272
0.31975221633911133
914
271
0.587634801864624
924
268
0.35660862922668457
928
275
0.6997816562652588
928
275
0.49155640602111816
926
269
0.41591429710388184
924
268
0.45458984375
928
278
0.8706037998199463
928
276
0.446946382522583
922
269
0.4752492904663086
925
273
0.4097447395324707
924
275
0.446946382522583
927
271
0.43927955627441406
921
273
0.37211155891418457
924
275
0.25925254821777344
928
278
0.8264250755310059
930
275
0.3638589382171631
929
272
0.341691255569458
927
271
0.425213098526001
924
275
0.13238167762756348
922
271
0.4240550994873047
927
269
0.4545266628265381
924
271
0.6558566093444824
921
273
0.43166279792785645
933
272
0.42315244674682617
926
272
0.38615894317626953
928
278
0.13238167762756348
924
275
0.41591429710388184
923
270
0.2977273464202881
923
270
0.587634801864624
927
269
0.4238698482513428
925
272
0.5807356834411621
924
274
0.7298696041107178
926
269
0.7298696041107178
926
265
0.40911436080932617
924
271
0.5741868019104004
922
273
0.8591568470001221
925
274
0.4097447395324707
932
274
0.589343786239624
927
265
0.6173434257507324
926
269
0.529634952545166
926
265
0.4752492904663086
926
265
0.43166518211364746
914
271
0.3510279655456543
929
272
0.15516185760498047
926
277
0.6255772113800049
927
269
0.4903750419616699
928
276
0.8786296844482422
924
268
0.25925254821777344
48
782
0.4097447395324707
924
274
0.41591429710388184
924
272
0.341691255569458
925
272
0.4391458034515381
925
273
0.47582054138183594
930
275
0.8786296844482422
933
272
0.5284450054168701
926
277
0.46885251998901367
927
271
0.38615894317626953
924
271
0.4240550994873047
922
269
0.46885251998901367
923
270
0.13238167762756348
926
277
2.6455860137939453
924
271
0.4180276393890381
914
271
0.4903750419616699
924
271
0.43122220039367676
924
275
0.5741868019104004
914
271
0.9603166580200195
926
269
0.5268456935882568
924
274
0.4097447395324707
928
275
0.38615894317626953
928
278
0.4328014850616455
926
269
0.4597644805908203
925
272
0.9603166580200195
921
273
0.2977273464202881
925
273
0.446946382522583
924
275
0.4240000247955322
926
269
0.2739896774291992
922
271
0.3638589382171631
923
276
0.13238167762756348
48
782
0.6173434257507324
922
273
0.40943193435668945
924
272
0.33525538444519043
926
272
2.6455860137939453
922
269
0.45458984375
926
277
0.707421064376831
925
273
1.4673373699188232
924
272
0.45458984375
929
272
0.3926103115081787
924
271
0.589343786239624
923
276
0.4234652519226074
922
273
0.17014622688293457
930
270
0.9018476009368896
921
273
0.587634801864624
922
273
0.4903750419616699
48
782
0.4240000247955322
922
271
0.3638589382171631
932
274
0.38615894317626953
933
272
0.15516185760498047
927
269
0.3856685161590576
927
269
0.4238698482513428
927
265
0.43122220039367676
920
269
0.4685823917388916
922
273
0.35660862922668457
925
273
0.4685823917388916
922
273
0.5741868019104004
928
273
0.4097447395324707
927
265
0.707421064376831
927
269
2.1170706748962402
928
275
0.4545266628265381
928
276
0.529634952545166
925
274
0.8264250755310059
928
276
0.49155640602111816
922
271
0.4095759391784668
932
274
0.45369696617126465
928
278
0.4309267997741699
924
268
0.37211155891418457
930
275
0.8264250755310059
928
278
2.1170706748962402
933
272
0.425213098526001
929
272
0.4238698482513428
928
272
0.33525538444519043
924
268
0.3643496036529541
922
272
0.17014622688293457
922
269
0.40911436080932617
926
269
0.4309267997741699
925
273
0.5741868019104004
927
271
0.5284450054168701
928
272
0.4249236583709717
928
275
0.8264250755310059
926
265
0.4612765312194824
932
274
0.43166279792785645
928
276
0.6694481372833252
927
271
0.45369696617126465
922
273
0.4391458034515381
48
782
0.529634952545166
924
271
0.3510279655456543
929
272
0.707421064376831
923
276
0.31975221633911133
922
269
0.4545266628265381
929
272
0.6022369861602783
933
272
0.8332245349884033
924
274
0.8591568470001221
922
269
0.425213098526001
924
272
2.1170706748962402
928
272
1.3340206146240234
928
275
1.288964033126831
927
271
0.49155640602111816
925
273
0.6558566093444824
925
272
0.4391458034515381
926
277
0.37211155891418457
925
273
1.4673373699188232
923
276
0.8706037998199463
929
272
0.40911436080932617
926
277
0.49155640602111816
927
269
0.8332245349884033
924
274
0.8591568470001221
927
271
0.35660862922668457
926
265
0.8786296844482422
926
277
0.3573431968688965
928
278
2.1170706748962402
927
265
0.3926103115081787
921
273
0.3643496036529541
926
269
0.43958234786987305
926
277
0.4545266628265381
928
276
0.4597644805908203
928
273
0.47582054138183594
928
273
0.38615894317626953
930
270
0.41591429710388184
923
270
0.4679262638092041
928
272
0.6022369861602783
928
273
0.46885251998901367
925
274
0.8264250755310059
926
272
0.47582054138183594
926
272
0.6694481372833252
928
276
3.4369919300079346
928
273
0.4545266628265381
922
271
0.4597644805908203
927
269
0.4097447395324707
924
274
1.907926082611084
922
271
0.4095759391784668
928
278
0.38615894317626953
924
272
0.3573431968688965
927
269
0.4240550994873047
925
273
0.35660862922668457
922
272
0.8332245349884033
924
268
0.4824867248535156
924
272
0.46195220947265625
930
270
0.43122220039367676
48
782
0.3573431968688965
928
278
0.4679262638092041
922
272
0.43166518211364746
925
274
0.32024121284484863
922
272
0.8706037998199463
922
271
0.341691255569458
922
273
0.341691255569458
925
273
0.43122220039367676
921
273
0.6047685146331787
923
276
0.3782157897949219
928
272
0.7298696041107178
922
271
0.2977273464202881
924
275
0.8332245349884033
914
271
0.3782157897949219
923
270
0.25925254821777344
927
271
0.42315244674682617
923
276
0.31975221633911133
924
271
0.7298696041107178
924
271
0.6997816562652588
928
273
0.4180276393890381
924
268
0.3926103115081787
924
271
0.3643496036529541
925
272
0.529634952545166
927
265
0.4309267997741699
926
272
0.4240550994873047
926
265
0.425213098526001
933
272
0.6255772113800049
930
270
0.4685823917388916
928
272
0.49155640602111816
927
269
0.3856685161590576
924
275
0.707421064376831
924
272
0.37211155891418457
928
273
0.4309267997741699
932
274
0.8706037998199463
928
272
0.49155640602111816
928
275
1.3340206146240234
926
265
0.3643496036529541
925
273
0.45458984375
914
271
0.4391458034515381
924
268
0.47582054138183594
925
272
0.8264250755310059
924
275
2.0717601776123047
927
269
0.43166518211364746
933
272
0.587634801864624
923
270
0.6558566093444824
928
278
0.4234652519226074
926
269
0.6173434257507324
929
272
0.3638589382171631
924
275
0.4679262638092041
924
272
0.6558566093444824
926
271
0.47582054138183594
932
274
0.4391458034515381
920
269
0.3643496036529541
933
272
0.6255772113800049
926
272
0.4095571041107178
925
273
0.4309267997741699
930
275
0.4240000247955322
922
272
0.4903750419616699
914
271
0.4234652519226074
926
272
3.4369919300079346
920
269
0.6694481372833252
914
271
0.6047685146331787
925
274
0.4095759391784668
922
273
1.4673373699188232
925
272
0.3782157897949219
928
275
0.8786296844482422
924
275
0.3926103115081787
914
271
0.46195220947265625
924
274
0.6548733711242676
926
277
0.4097447395324707
930
275
0.46885251998901367
926
269
0.446946382522583
933
272
0.6255772113800049
926
265
0.13238167762756348
921
273
0.4097447395324707
923
270
0.589343786239624
922
271
0.4685823917388916
920
269
0.4752492904663086
928
273
0.3926103115081787
926
271
0.13238167762756348
926
265
0.2739896774291992
928
275
0.3638589382171631
928
275
0.17014622688293457
926
269
0.40943193435668945
926
269
0.8933682441711426
928
276
0.6173434257507324
922
272
1.288964033126831
928
273
0.8332245349884033
924
272
1.3340206146240234
924
274
0.41591429710388184
930
275
0.35660862922668457
925
274
1.3340206146240234
922
273
0.32024121284484863
925
272
0.5807356834411621
926
271
2.6455860137939453
924
272
0.45458984375
927
269
0.3573431968688965
926
272
0.49155640602111816
928
272
0.5268456935882568
926
265
0.42315244674682617
932
274
0.47582054138183594
927
265
0.4903750419616699
929
272
0.46885251998901367
928
276
0.529634952545166
927
269
0.4612765312194824
924
274
0.2977273464202881
924
268
0.4238698482513428
925
273
0.446946382522583
926
277
0.46885251998901367
924
272
0.33525538444519043
923
270
0.6173434257507324
926
277
0.8332245349884033
922
273
3.4369919300079346
926
277
0.4597644805908203
927
265
0.42315244674682617
930
270
0.3643496036529541
926
277
0.4240550994873047
928
272
0.3926103115081787
920
269
0.6173434257507324
927
269
1.9755923748016357
926
277
0.8591568470001221
926
271
0.4391458034515381
927
271
1.3340206146240234
928
275
0.8786296844482422
928
276
0.4824867248535156
926
277
0.4536306858062744
922
271
2.1170706748962402
920
269
0.43122220039367676
929
272
0.41591429710388184
933
272
0.45369696617126465
924
268
0.341691255569458
928
272
0.6558566093444824
925
274
0.6022369861602783
924
271
0.4240550994873047
927
269
0.8786296844482422
926
269
1.4673373699188232
925
274
0.4536306858062744
924
272
0.15516185760498047
928
278
0.8706037998199463
924
268
0.529634952545166
48
782
0.45369696617126465
930
270
0.4903750419616699
930
270
0.3926103115081787
924
275
0.4679262638092041
927
265
0.41591429710388184
926
277
1.042797327041626
928
273
0.4612765312194824
932
274
0.4240000247955322
930
275
0.15516185760498047
930
270
0.40987610816955566
914
271
0.35660862922668457
928
278
0.4824867248535156
924
268
1.288964033126831
924
268
0.6255772113800049
927
265
0.32024121284484863
928
275
0.17014622688293457
920
269
0.446946382522583
926
272
0.38615894317626953
923
270
0.40911436080932617
927
271
3.4369919300079346
928
272
0.4752492904663086
925
272
0.15516185760498047
924
271
0.43166518211364746
927
269
0.6047685146331787
926
272
0.6997816562652588
924
268
0.13238167762756348
924
275
0.43958234786987305
924
268
0.6255772113800049
914
271
0.8933682441711426
927
265
0.6047685146331787
922
269
0.4752492904663086
924
272
0.49155640602111816
48
782
0.4240550994873047
927
269
0.6173434257507324
923
276
0.446946382522583
928
273
0.425213098526001
933
272
0.707421064376831
920
269
0.37211155891418457
927
265
0.4685823917388916
922
269
0.9018476009368896
932
274
2.1170706748962402
927
269
0.3643496036529541
927
271
0.47582054138183594
924
275
0.15516185760498047
925
274
0.5268456935882568
914
271
0.3510279655456543
929
272
0.43958234786987305
924
271
0.43122220039367676
48
782
0.43958234786987305
927
271
0.49155640602111816
926
265
0.42357492446899414
921
273
0.3643496036529541
923
270
3.4369919300079346
928
273
0.25925254821777344
926
271
1.907926082611084
922
273
0.42315244674682617
924
272
0.33525538444519043
920
269
0.40911436080932617
926
265
0.42315244674682617
932
274
0.7298696041107178
926
265
0.4903750419616699
922
269
0.341691255569458
930
275
0.9603166580200195
928
273
0.4545266628265381
928
275
0.42315244674682617
48
782
0.41591429710388184
930
270
1.3340206146240234
914
271
0.13238167762756348
924
274
0.4752492904663086
922
273
3.4369919300079346
925
274
0.589343786239624
924
271
0.4240550994873047
928
278
0.49155640602111816
922
271
0.5284450054168701
924
271
0.4679262638092041
925
273
1.3340206146240234
926
271
1.288964033126831
926
272
0.40943193435668945
925
273
0.13238167762756348
926
265
0.25925254821777344
933
272
0.4685823917388916
928
275
0.4685823917388916
930
275
0.5284450054168701
926
277
0.8332245349884033
930
270
0.6022369861602783
925
273
0.43927955627441406
924
271
0.4391458034515381
932
274
0.40987610816955566
922
273
0.4328014850616455
926
277
0.6548733711242676
926
265
0.3573431968688965
920
269
0.43166279792785645
924
271
0.46195220947265625
928
275
0.5284450054168701
928
276
0.8264250755310059
926
265
0.4685823917388916
926
265
0.3782157897949219
922
269
1.4673373699188232
926
272
0.4679262638092041
923
270
0.4545266628265381
923
270
0.33525538444519043
923
270
0.35660862922668457
926
277
0.43927955627441406
930
270
3.4369919300079346
923
276
0.4903750419616699
928
275
0.41591429710388184
922
272
1.907926082611084
928
275
0.6022369861602783
932
274
0.6047685146331787
923
270
0.6558566093444824
924
275
0.9603166580200195
927
271
0.4238698482513428
924
274
0.4309267997741699
933
272
1.288964033126831
922
273
0.3926103115081787
930
275
0.5268456935882568
926
272
0.43122220039367676
924
274
0.40987610816955566
922
271
0.4234652519226074
923
276
0.6022369861602783
927
271
0.589343786239624
932
274
0.4240000247955322
922
273
0.43927955627441406
926
272
0.32024121284484863
921
273
0.5741868019104004
930
275
0.5268456935882568
921
273
0.4685823917388916
928
273
1.9755923748016357
928
278
1.907926082611084
928
272
0.4536306858062744
914
271
0.4612765312194824
933
272
0.6558566093444824
925
273
2.1170706748962402
922
273
0.9018476009368896
930
275
0.13238167762756348
932
274
0.40911436080932617
920
269
0.43166518211364746
924
274
0.2739896774291992
925
273
0.425213098526001
928
273
0.589343786239624
925
272
0.3856685161590576
933
272
0.25925254821777344
926
277
1.9755923748016357
48
782
1.9755923748016357
924
272
3.4369919300079346
930
270
0.4095571041107178
925
274
0.5268456935882568
927
271
0.8933682441711426
926
269
0.6022369861602783
923
276
0.46885251998901367
924
272
0.341691255569458
924
275
0.425213098526001
928
272
0.8332245349884033
926
272
0.6047685146331787
928
278
0.4238698482513428
920
269
0.43927955627441406
922
271
0.25925254821777344
926
277
0.587634801864624
927
265
0.37211155891418457
924
271
0.4234652519226074
932
274
0.9018476009368896
929
272
0.589343786239624
928
278
0.35660862922668457
928
275
0.8933682441711426
923
270
1.907926082611084
922
272
0.3643496036529541
927
271
0.40911436080932617
923
270
0.45369696617126465
921
273
0.31975221633911133
930
270
0.9018476009368896
922
271
0.341691255569458
928
272
0.41591429710388184
926
269
0.45369696617126465
928
276
1.9755923748016357
927
269
0.7298696041107178
923
276
0.43122220039367676
933
272
0.6047685146331787
926
272
0.43958234786987305
922
269
0.9603166580200195
928
273
2.1170706748962402
48
782
0.17014622688293457
926
269
0.8591568470001221
926
265
0.4685823917388916
928
276
0.3573431968688965
921
273
0.4095571041107178
925
273
1.9755923748016357
924
272
0.8591568470001221
927
265
0.42315244674682617
922
273
1.4673373699188232
933
272
0.446946382522583
926
272
0.4095571041107178
925
272
0.707421064376831
928
276
0.40987610816955566
922
272
0.4095759391784668
926
272
0.8591568470001221
926
272
0.37211155891418457
924
271
0.43927955627441406
927
265
0.4095759391784668
928
276
0.4685823917388916
927
265
0.8264250755310059
927
271
0.42315244674682617
928
278
0.529634952545166
926
272
0.4824867248535156
926
272
0.42357492446899414
922
269
0.47582054138183594
927
269
0.4240550994873047
923
276
0.4097447395324707
928
278
0.6558566093444824
924
268
0.6548733711242676
929
272
2.6455860137939453
921
273
0.6694481372833252
922
273
0.4249236583709717
927
265
0.6694481372833252
924
275
0.3638589382171631
924
275
0.4685823917388916
925
272
0.4095571041107178
923
270
0.6255772113800049
924
275
0.8264250755310059
926
265
0.341691255569458
924
272
0.6997816562652588
914
271
0.4752492904663086
921
273
0.4536306858062744
928
273
0.4752492904663086
926
271
0.40987610816955566
927
265
0.6047685146331787
930
270
0.4391458034515381
928
272
0.42357492446899414
924
274
0.3638589382171631
926
269
0.8706037998199463
928
272
0.6255772113800049
924
274
0.4249236583709717
930
275
0.43122220039367676
924
274
0.446946382522583
929
272
0.35660862922668457
921
273
0.425213098526001
929
272
0.4234652519226074
924
272
0.25925254821777344
927
269
0.4238698482513428
924
275
0.35660862922668457
926
272
2.1170706748962402
926
271
0.15516185760498047
924
271
0.3638589382171631
924
274
0.8264250755310059
922
271
0.2739896774291992
923
276
0.37211155891418457
924
272
0.5807356834411621
914
271
0.43122220039367676
48
782
0.4752492904663086
928
275
0.707421064376831
929
272
0.4309267997741699
928
276
0.5268456935882568
48
782
0.4095759391784668
926
265
1.288964033126831
925
274
0.3926103115081787
926
269
0.446946382522583
922
272
0.4612765312194824
924
272
1.4673373699188232
932
274
0.43122220039367676
922
271
0.4752492904663086
925
274
0.35660862922668457
927
271
0.4249236583709717
928
275
0.8786296844482422
928
275
0.529634952545166
924
275
0.2977273464202881
924
275
0.45369696617126465
926
272
0.3926103115081787
926
269
0.49155640602111816
926
269
0.2977273464202881
928
273
0.40943193435668945
926
272
0.3510279655456543
925
273
0.40911436080932617
924
271
0.589343786239624
928
273
0.9018476009368896
922
273
0.15516185760498047
924
272
1.3340206146240234
927
271
0.40911436080932617
926
269
0.4391458034515381
928
276
0.25925254821777344
925
273
0.4679262638092041
928
272
0.4903750419616699
924
271
0.13238167762756348
924
271
0.4234652519226074
932
274
0.5284450054168701
924
271
0.3782157897949219
925
274
0.38615894317626953
926
277
0.4095571041107178
923
276
0.41591429710388184
927
265
1.907926082611084
933
272
0.4095759391784668
933
272
0.8706037998199463
927
269
1.288964033126831
923
276
0.15516185760498047
928
278
0.425213098526001
924
268
0.46885251998901367
925
272
1.3340206146240234
48
782
0.4234652519226074
926
269
0.9603166580200195
928
273
0.41591429710388184
48
782
0.5741868019104004
928
278
0.31975221633911133
926
277
1.288964033126831
926
269
0.37211155891418457
926
265
0.8933682441711426
921
273
0.4234652519226074
924
272
0.5284450054168701
926
269
0.4545266628265381
914
271
0.43122220039367676
922
271
0.43958234786987305
928
278
0.8933682441711426
924
268
0.43122220039367676
932
274
0.4095571041107178
928
278
0.8264250755310059
928
273
0.46885251998901367
914
271
0.4536306858062744
926
277
0.341691255569458
928
273
0.4903750419616699
928
278
0.4309267997741699
926
265
0.47582054138183594
927
269
0.43958234786987305
930
275
0.587634801864624
930
275
0.46885251998901367
920
269
0.4249236583709717
922
269
0.8264250755310059
925
272
0.529634952545166
922
272
0.6022369861602783
927
265
0.43122220039367676
933
272
0.8706037998199463
922
269
0.425213098526001
928
275
0.3510279655456543
922
269
0.6047685146331787
930
270
0.33525538444519043
933
272
0.43166279792785645
927
265
0.6548733711242676
922
273
0.341691255569458
922
273
0.31975221633911133
930
270
0.43166279792785645
925
273
0.8706037998199463
927
271
0.42357492446899414
927
269
1.042797327041626
927
265
0.4752492904663086
930
270
0.37211155891418457
926
265
0.3926103115081787
925
272
0.25925254821777344
927
269
0.6558566093444824
928
272
0.4180276393890381
922
273
2.1170706748962402
933
272
0.4597644805908203
920
269
0.37211155891418457
924
272
0.341691255569458
927
265
0.425213098526001
924
271
0.8933682441711426
928
278
0.3643496036529541
930
270
0.37211155891418457
930
275
0.25925254821777344
922
269
0.4328014850616455
930
275
0.31975221633911133
924
272
2.1170706748962402
922
272
0.43122220039367676
927
269
0.4903750419616699
928
275
0.4597644805908203
926
269
3.4369919300079346
924
274
0.4095571041107178
928
278
0.6558566093444824
928
272
0.45458984375
927
269
0.4097447395324707
926
272
0.8591568470001221
927
265
0.3638589382171631
926
265
0.46195220947265625
922
271
0.8264250755310059
932
274
0.17014622688293457
922
273
0.15516185760498047
926
265
0.4824867248535156
923
276
0.3856685161590576
927
265
0.5284450054168701
924
274
1.3340206146240234
922
271
0.17014622688293457
922
269
0.589343786239624
914
271
0.5284450054168701
922
271
0.8591568470001221
933
272
0.8706037998199463
929
272
0.41591429710388184
923
276
0.3926103115081787
923
276
2.1170706748962402
923
270
0.25925254821777344
924
268
0.3856685161590576
924
274
0.707421064376831
923
270
0.8706037998199463
920
269
0.4309267997741699
928
275
0.3926103115081787
928
272
0.5741868019104004
926
271
0.37211155891418457
924
275
0.4328014850616455
928
276
0.4536306858062744
924
272
0.4249236583709717
914
271
0.3573431968688965
922
269
0.3782157897949219
924
274
0.4597644805908203
924
272
0.4097447395324707
926
269
0.6694481372833252
929
272
0.42315244674682617
929
272
0.2739896774291992
922
271
2.6455860137939453
923
270
0.6173434257507324
923
270
0.46195220947265625
922
269
0.42357492446899414
922
269
0.43166279792785645
922
272
2.0717601776123047
926
277
0.13238167762756348
928
275
0.4752492904663086
921
273
0.17014622688293457
926
277
0.46195220947265625
928
273
0.35660862922668457
920
269
2.0717601776123047
914
271
0.47582054138183594
928
276
0.4685823917388916
