926
272
0.17014622688293457
914
271
0.46195220947265625
922
271
0.6255772113800049
926
272
0.446946382522583
930
270
0.8591568470001221
927
271
0.38615894317626953
925
273
0.15516185760498047
928
272
0.46195220947265625
927
271
0.4249236583709717
930
270
0.9603166580200195
926
277
0.341691255569458
925
274
0.9018476009368896
928
276
0.6255772113800049
933
272
0.4612765312194824
925
272
0.43166518211364746
927
265
1.288964033126831
921
273
0.4180276393890381
927
271
1.9755923748016357
924
271
0.7298696041107178
926
272
0.4685823917388916
924
271
0.9603166580200195
926
272
0.9018476009368896
923
270
0.3856685161590576
922
269
0.45369696617126465
932
274
0.5268456935882568
922
272
0.341691255569458
914
271
0.4752492904663086
923
276
0.40943193435668945
48
782
0.4391458034515381
923
270
0.8933682441711426
922
273
0.5807356834411621
928
272
0.707421064376831
926
271
0.4238698482513428
926
271
0.6558566093444824
924
275
0.3643496036529541
926
271
0.6255772113800049
923
270
0.8933682441711426
924
271
0.4249236583709717
927
265
0.2977273464202881
914
271
1.3340206146240234
925
273
0.15516185760498047
923
270
0.4597644805908203
924
268
1.4673373699188232
932
274
3.4369919300079346
928
275
0.6694481372833252
927
269
0.47582054138183594
927
269
0.40911436080932617
927
269
0.8332245349884033
921
273
0.43122220039367676
930
275
0.8591568470001221
926
272
0.4903750419616699
928
272
0.6047685146331787
48
782
0.4240000247955322
923
276
0.5284450054168701
933
272
0.6548733711242676
930
275
0.5807356834411621
925
272
0.40943193435668945
928
275
0.4685823917388916
926
265
0.4679262638092041
925
272
0.45369696617126465
925
274
0.40911436080932617
925
273
0.41591429710388184
926
271
0.4328014850616455
921
273
0.587634801864624
920
269
0.5807356834411621
924
274
0.8706037998199463
914
271
0.3573431968688965
927
265
0.40911436080932617
932
274
0.4249236583709717
927
271
0.4752492904663086
925
273
0.3926103115081787
920
269
0.4612765312194824
926
272
1.9755923748016357
923
276
0.8332245349884033
924
274
0.46195220947265625
928
273
0.589343786239624
925
273
0.6558566093444824
925
273
1.288964033126831
928
275
0.38615894317626953
923
276
0.6694481372833252
924
271
0.3573431968688965
926
277
0.8706037998199463
928
278
0.4249236583709717
923
270
0.4240550994873047
928
276
0.38615894317626953
920
269
0.42315244674682617
920
269
0.4824867248535156
922
269
0.32024121284484863
927
265
2.6455860137939453
930
270
0.49155640602111816
923
270
0.6022369861602783
928
278
1.042797327041626
924
271
0.4328014850616455
926
272
0.8786296844482422
926
271
0.4309267997741699
924
275
0.3573431968688965
930
275
0.40987610816955566
927
271
0.5268456935882568
924
271
0.35660862922668457
926
272
0.589343786239624
924
274
0.3638589382171631
922
271
0.46885251998901367
914
271
0.49155640602111816
928
273
0.45458984375
924
272
0.4309267997741699
924
271
0.529634952545166
927
265
2.1170706748962402
922
273
0.6548733711242676
924
271
0.5268456935882568
921
273
0.43166279792785645
929
272
0.589343786239624
926
271
1.042797327041626
914
271
0.5268456935882568
922
269
0.4612765312194824
924
272
0.35660862922668457
924
272
0.4679262638092041
920
269
0.6997816562652588
928
273
0.3782157897949219
925
272
0.8264250755310059
926
271
0.3573431968688965
924
272
0.4679262638092041
924
271
0.4238698482513428
48
782
1.042797327041626
930
275
0.4824867248535156
925
273
0.4095759391784668
922
273
0.4612765312194824
926
271
0.4240550994873047
924
272
0.41591429710388184
922
269
0.4097447395324707
924
275
0.38615894317626953
926
271
0.3856685161590576
930
275
1.288964033126831
924
274
0.46885251998901367
921
273
1.4673373699188232
924
272
0.4180276393890381
927
271
0.425213098526001
929
272
0.4097447395324707
48
782
0.17014622688293457
928
278
0.46195220947265625
922
269
0.25925254821777344
925
272
0.41591429710388184
926
272
0.707421064376831
933
272
0.4309267997741699
926
271
0.6047685146331787
921
273
2.0717601776123047
923
270
0.6997816562652588
928
275
0.3638589382171631
922
269
0.35660862922668457
921
273
0.40987610816955566
927
265
0.4095759391784668
922
273
0.3643496036529541
926
277
0.25925254821777344
924
274
0.2739896774291992
924
271
0.9018476009368896
48
782
1.907926082611084
925
272
0.4545266628265381
924
271
2.1170706748962402
925
274
0.4180276393890381
48
782
0.587634801864624
933
272
0.33525538444519043
926
277
0.4240000247955322
922
272
0.5741868019104004
924
271
0.15516185760498047
925
272
2.0717601776123047
922
272
0.35660862922668457
924
275
0.47582054138183594
922
272
1.288964033126831
925
274
0.43927955627441406
914
271
0.43927955627441406
929
272
0.45369696617126465
922
273
0.4903750419616699
924
271
0.446946382522583
933
272
0.4679262638092041
928
275
0.4545266628265381
925
272
0.4309267997741699
48
782
0.3782157897949219
930
275
0.3856685161590576
930
275
0.6694481372833252
920
269
0.7298696041107178
925
272
0.43166279792785645
928
276
0.6694481372833252
922
269
0.32024121284484863
48
782
0.38615894317626953
932
274
0.4095571041107178
929
272
0.587634801864624
928
272
0.529634952545166
926
269
1.3340206146240234
920
269
0.35660862922668457
925
272
0.7298696041107178
932
274
0.587634801864624
923
270
0.2977273464202881
924
272
0.40911436080932617
933
272
0.15516185760498047
922
271
0.4685823917388916
924
271
0.4095571041107178
926
269
0.425213098526001
927
271
0.8332245349884033
924
274
0.45458984375
927
271
0.6694481372833252
924
275
0.529634952545166
928
272
0.3856685161590576
925
273
0.4180276393890381
928
278
0.9603166580200195
924
271
0.425213098526001
926
265
0.4240550994873047
923
270
0.8706037998199463
926
272
0.4612765312194824
925
274
0.4240000247955322
925
272
0.43927955627441406
924
272
0.4095571041107178
933
272
2.0717601776123047
928
276
0.4249236583709717
928
276
0.8933682441711426
926
277
2.1170706748962402
928
276
0.6255772113800049
921
273
0.4249236583709717
926
272
0.6548733711242676
920
269
0.6548733711242676
926
265
0.6558566093444824
48
782
0.4328014850616455
927
271
0.5284450054168701
926
271
0.4391458034515381
928
276
0.3782157897949219
928
273
0.33525538444519043
932
274
0.5284450054168701
48
782
0.446946382522583
925
274
0.4752492904663086
928
278
0.529634952545166
925
272
1.4673373699188232
932
274
0.587634801864624
928
278
0.4180276393890381
928
273
0.8706037998199463
926
277
0.5807356834411621
914
271
0.4597644805908203
922
271
0.4240000247955322
924
268
0.4309267997741699
923
270
0.8591568470001221
925
273
1.4673373699188232
924
268
0.6173434257507324
926
277
0.3782157897949219
924
274
0.341691255569458
921
273
0.4752492904663086
926
277
0.3510279655456543
930
270
0.4180276393890381
927
269
0.13238167762756348
925
274
0.4612765312194824
926
272
0.4536306858062744
924
272
0.8591568470001221
927
265
0.4391458034515381
932
274
0.6047685146331787
925
272
0.707421064376831
926
265
0.2739896774291992
930
270
0.37211155891418457
923
276
2.1170706748962402
928
272
0.42315244674682617
928
278
0.6022369861602783
924
271
0.40911436080932617
928
276
0.4752492904663086
926
272
0.40987610816955566
928
278
0.8706037998199463
926
269
0.3643496036529541
928
272
0.40943193435668945
929
272
0.8706037998199463
922
271
0.6022369861602783
922
272
0.2977273464202881
925
273
0.5741868019104004
48
782
0.6997816562652588
928
272
1.4673373699188232
926
265
0.40943193435668945
927
269
0.47582054138183594
928
276
0.4240550994873047
932
274
0.8706037998199463
932
274
0.17014622688293457
921
273
0.4095571041107178
928
273
0.35660862922668457
928
278
0.43927955627441406
48
782
0.7298696041107178
927
269
0.6558566093444824
930
270
0.9603166580200195
926
265
0.46885251998901367
924
271
2.0717601776123047
926
271
0.4249236583709717
929
272
0.45369696617126465
926
277
0.45458984375
927
265
0.7298696041107178
928
275
0.5741868019104004
921
273
1.4673373699188232
923
270
0.8591568470001221
926
272
0.7298696041107178
925
274
0.6173434257507324
924
272
0.3510279655456543
923
270
0.341691255569458
922
273
0.3573431968688965
930
270
0.3510279655456543
928
276
0.9603166580200195
933
272
0.446946382522583
921
273
0.6047685146331787
928
275
0.37211155891418457
924
268
0.43166279792785645
928
272
0.4545266628265381
927
269
0.15516185760498047
924
271
0.41591429710388184
922
273
0.4234652519226074
930
275
0.42315244674682617
922
271
3.4369919300079346
920
269
0.4095571041107178
926
269
0.8332245349884033
925
272
0.425213098526001
926
269
0.4095571041107178
921
273
2.0717601776123047
926
269
0.587634801864624
930
270
0.25925254821777344
929
272
0.6694481372833252
928
278
0.4095571041107178
925
274
0.3856685161590576
930
275
0.4545266628265381
922
273
0.587634801864624
920
269
0.5807356834411621
921
273
0.3510279655456543
920
269
0.35660862922668457
924
274
0.4824867248535156
928
276
0.5268456935882568
928
276
0.43958234786987305
924
274
0.38615894317626953
930
270
1.9755923748016357
920
269
0.5807356834411621
922
269
0.4240550994873047
924
274
0.4180276393890381
923
276
0.49155640602111816
930
270
0.3643496036529541
930
275
0.7298696041107178
926
271
0.2977273464202881
922
272
0.3573431968688965
929
272
0.43166518211364746
924
272
0.38615894317626953
923
276
0.46195220947265625
922
269
0.6694481372833252
928
275
0.4545266628265381
922
273
1.288964033126831
927
269
0.31975221633911133
928
275
0.9603166580200195
928
272
0.4612765312194824
48
782
0.2739896774291992
928
278
0.5268456935882568
924
274
0.43958234786987305
928
273
0.341691255569458
924
275
0.37211155891418457
922
269
0.5268456935882568
928
278
0.8264250755310059
924
272
0.3510279655456543
921
273
0.7298696041107178
48
782
0.9018476009368896
924
268
0.8264250755310059
922
272
0.529634952545166
923
270
0.6022369861602783
926
277
0.15516185760498047
930
275
0.37211155891418457
928
272
0.5268456935882568
924
275
0.13238167762756348
924
271
0.17014622688293457
928
276
0.5807356834411621
924
275
0.47582054138183594
932
274
0.529634952545166
48
782
0.4309267997741699
928
275
0.43166279792785645
933
272
0.46195220947265625
927
269
1.907926082611084
920
269
1.3340206146240234
924
272
0.3926103115081787
925
274
0.3510279655456543
922
269
0.40987610816955566
927
271
0.4234652519226074
924
271
0.4249236583709717
924
268
0.9018476009368896
920
269
1.9755923748016357
922
269
0.4752492904663086
924
268
0.37211155891418457
925
273
0.8264250755310059
924
268
0.6255772113800049
930
275
0.4612765312194824
932
274
0.5741868019104004
922
269
0.4391458034515381
929
272
0.46885251998901367
928
272
0.43166279792785645
929
272
0.42315244674682617
928
276
0.8933682441711426
924
274
0.5807356834411621
48
782
0.4240550994873047
924
271
0.707421064376831
48
782
0.4824867248535156
930
275
0.43166518211364746
925
273
0.8706037998199463
924
274
0.9603166580200195
926
265
0.3510279655456543
922
269
2.1170706748962402
920
269
0.6694481372833252
924
268
0.13238167762756348
926
272
1.9755923748016357
928
272
0.6022369861602783
927
265
0.4679262638092041
920
269
0.3926103115081787
933
272
0.13238167762756348
914
271
0.589343786239624
920
269
0.6047685146331787
922
269
0.707421064376831
926
271
0.35660862922668457
929
272
0.589343786239624
927
265
0.42357492446899414
925
272
0.7298696041107178
932
274
0.4234652519226074
926
271
0.41591429710388184
922
273
0.6548733711242676
923
276
2.1170706748962402
924
272
0.3782157897949219
928
272
0.4180276393890381
924
271
0.6558566093444824
920
269
0.46195220947265625
926
265
0.4095571041107178
925
272
0.45458984375
933
272
0.6022369861602783
925
272
0.47582054138183594
928
278
2.0717601776123047
928
275
0.3510279655456543
923
276
0.3510279655456543
924
275
0.3643496036529541
928
278
0.43958234786987305
928
276
0.4240000247955322
48
782
0.38615894317626953
932
274
0.40943193435668945
927
265
0.3573431968688965
924
272
0.40987610816955566
922
269
0.8332245349884033
926
269
0.8591568470001221
928
273
0.40943193435668945
920
269
2.0717601776123047
926
272
0.4097447395324707
926
277
0.47582054138183594
922
273
0.3510279655456543
930
275
0.6548733711242676
928
273
0.4612765312194824
925
274
0.6997816562652588
914
271
0.8591568470001221
926
271
0.6022369861602783
922
271
0.43927955627441406
928
278
0.6173434257507324
925
273
0.17014622688293457
924
274
0.4249236583709717
921
273
0.9018476009368896
926
277
2.0717601776123047
929
272
0.8591568470001221
925
274
0.4612765312194824
926
269
0.8264250755310059
924
272
0.8706037998199463
925
274
0.43927955627441406
933
272
0.4391458034515381
932
274
2.6455860137939453
924
274
0.5284450054168701
928
272
1.9755923748016357
925
274
0.3782157897949219
924
275
0.4391458034515381
920
269
0.43166279792785645
926
272
0.6047685146331787
922
269
0.3643496036529541
930
270
0.13238167762756348
932
274
0.3573431968688965
925
272
0.4903750419616699
927
271
0.6255772113800049
933
272
0.4095759391784668
927
265
0.13238167762756348
924
272
0.587634801864624
930
270
0.8332245349884033
930
275
0.15516185760498047
928
273
0.4309267997741699
927
265
3.4369919300079346
923
276
0.8591568470001221
914
271
0.8706037998199463
926
272
0.4309267997741699
928
272
0.8332245349884033
48
782
0.42357492446899414
932
274
0.2977273464202881
924
272
1.4673373699188232
933
272
0.4249236583709717
924
268
0.4238698482513428
926
271
1.907926082611084
921
273
0.589343786239624
926
271
2.0717601776123047
926
271
0.43166279792785645
925
272
0.8332245349884033
926
269
0.45369696617126465
920
269
0.3856685161590576
927
271
1.4673373699188232
928
272
0.5284450054168701
928
273
0.42357492446899414
925
273
0.3573431968688965
922
273
0.4095759391784668
923
270
0.40987610816955566
923
276
0.2739896774291992
928
275
0.3926103115081787
932
274
0.13238167762756348
928
272
0.13238167762756348
925
272
0.40987610816955566
925
274
0.4095571041107178
924
275
0.32024121284484863
924
275
0.4685823917388916
922
271
2.6455860137939453
927
265
1.3340206146240234
930
270
0.46885251998901367
930
270
0.4903750419616699
928
278
0.4309267997741699
48
782
0.43166279792785645
930
270
0.43927955627441406
925
274
0.42357492446899414
928
273
0.7298696041107178
921
273
0.43166518211364746
924
271
0.6022369861602783
924
275
0.43166279792785645
924
272
1.4673373699188232
921
273
0.4612765312194824
923
276
0.49155640602111816
922
271
0.587634801864624
922
269
0.4679262638092041
920
269
0.38615894317626953
921
273
0.38615894317626953
933
272
0.17014622688293457
922
273
0.7298696041107178
923
276
0.4097447395324707
924
272
0.4238698482513428
927
265
2.1170706748962402
926
265
0.37211155891418457
48
782
1.907926082611084
924
272
0.25925254821777344
933
272
0.5284450054168701
932
274
0.6047685146331787
924
275
0.43958234786987305
928
272
0.3638589382171631
927
271
3.4369919300079346
930
270
0.3510279655456543
925
274
0.43166279792785645
925
273
0.25925254821777344
930
275
0.5268456935882568
926
269
0.17014622688293457
930
270
0.4824867248535156
926
272
1.9755923748016357
933
272
2.1170706748962402
930
270
0.3510279655456543
920
269
0.5807356834411621
925
273
0.3573431968688965
928
275
0.2977273464202881
933
272
0.589343786239624
926
265
2.1170706748962402
922
273
0.3643496036529541
914
271
0.4903750419616699
924
275
0.41591429710388184
920
269
1.4673373699188232
927
265
0.4249236583709717
48
782
0.707421064376831
930
275
0.6255772113800049
921
273
0.8332245349884033
926
277
1.907926082611084
926
269
1.288964033126831
932
274
0.5741868019104004
922
272
0.5741868019104004
920
269
0.15516185760498047
925
274
0.4238698482513428
921
273
0.4095571041107178
930
270
0.4391458034515381
921
273
0.32024121284484863
929
272
0.3573431968688965
927
265
0.4240000247955322
929
272
0.4180276393890381
926
277
0.4824867248535156
924
271
0.45369696617126465
923
270
2.1170706748962402
928
273
0.3926103115081787
929
272
1.042797327041626
927
271
0.37211155891418457
914
271
0.43166518211364746
922
271
0.4685823917388916
927
269
0.8933682441711426
929
272
0.41591429710388184
926
271
0.47582054138183594
925
272
0.425213098526001
926
269
0.32024121284484863
914
271
0.8264250755310059
928
273
1.907926082611084
924
271
3.4369919300079346
925
273
0.6558566093444824
933
272
0.6022369861602783
924
275
0.5284450054168701
926
269
0.45458984375
914
271
0.43166279792785645
930
270
0.7298696041107178
921
273
0.3782157897949219
928
275
1.4673373699188232
922
271
0.4903750419616699
48
782
0.425213098526001
922
269
0.43958234786987305
928
276
3.4369919300079346
928
276
0.8332245349884033
927
271
0.3573431968688965
924
272
0.6173434257507324
925
273
0.6558566093444824
925
272
1.288964033126831
924
272
0.9603166580200195
930
270
0.446946382522583
924
271
0.17014622688293457
926
277
0.6255772113800049
927
265
0.42357492446899414
929
272
0.31975221633911133
930
275
0.6548733711242676
925
273
0.3782157897949219
927
269
0.4249236583709717
925
274
2.6455860137939453
925
274
0.4180276393890381
927
271
0.40987610816955566
924
274
0.6022369861602783
920
269
0.4249236583709717
922
269
0.4097447395324707
930
270
3.4369919300079346
926
269
0.42315244674682617
924
272
0.43166518211364746
928
278
2.1170706748962402
921
273
0.3638589382171631
928
276
0.9018476009368896
925
273
0.3510279655456543
924
272
0.43958234786987305
930
270
0.4249236583709717
924
275
0.31975221633911133
932
274
0.529634952545166
928
273
0.8591568470001221
925
273
0.2739896774291992
927
265
0.4612765312194824
921
273
0.9018476009368896
925
274
0.4903750419616699
923
276
1.3340206146240234
926
269
0.15516185760498047
924
268
0.2977273464202881
927
269
0.4679262638092041
926
265
0.6548733711242676
925
273
1.288964033126831
924
275
0.4903750419616699
929
272
0.8332245349884033
924
275
0.4391458034515381
924
275
0.43958234786987305
928
278
0.4391458034515381
924
275
0.42315244674682617
925
274
0.15516185760498047
930
275
0.4679262638092041
924
272
0.42357492446899414
929
272
0.3856685161590576
922
271
0.32024121284484863
925
274
2.6455860137939453
928
272
0.3782157897949219
933
272
0.40911436080932617
922
271
0.38615894317626953
924
271
0.49155640602111816
928
276
0.9018476009368896
922
273
0.341691255569458
927
269
0.4545266628265381
924
268
0.4328014850616455
930
275
0.4612765312194824
926
269
0.4824867248535156
922
273
0.49155640602111816
926
271
0.6997816562652588
923
270
0.41591429710388184
928
273
0.6558566093444824
924
268
0.341691255569458
925
272
0.8591568470001221
924
268
0.4095571041107178
925
272
0.43166279792785645
922
271
0.42315244674682617
924
268
0.8332245349884033
924
275
0.46195220947265625
928
278
0.5268456935882568
924
268
0.3926103115081787
924
275
0.4095571041107178
925
273
0.4545266628265381
48
782
0.37211155891418457
927
269
0.4752492904663086
924
274
1.3340206146240234
926
271
0.529634952545166
923
270
0.4752492904663086
928
273
0.46195220947265625
926
269
0.37211155891418457
923
270
0.425213098526001
924
274
0.587634801864624
924
271
0.3782157897949219
928
276
1.3340206146240234
928
272
0.8591568470001221
925
273
0.4309267997741699
930
275
0.37211155891418457
924
275
0.6047685146331787
920
269
0.4097447395324707
926
269
0.4752492904663086
927
269
0.5807356834411621
920
269
0.8591568470001221
929
272
0.4597644805908203
924
271
0.6548733711242676
930
275
0.3643496036529541
925
274
0.4095759391784668
923
270
0.3510279655456543
920
269
0.25925254821777344
930
275
0.4234652519226074
925
272
0.341691255569458
929
272
0.4180276393890381
928
273
0.43958234786987305
926
272
0.589343786239624
929
272
0.529634952545166
926
271
2.1170706748962402
924
272
0.5741868019104004
926
269
0.707421064376831
926
265
0.6694481372833252
922
271
0.42315244674682617
926
271
0.38615894317626953
929
272
0.41591429710388184
922
273
1.4673373699188232
924
274
0.6022369861602783
924
272
0.8706037998199463
928
272
0.4545266628265381
928
275
0.4240550994873047
925
272
0.25925254821777344
928
275
0.3643496036529541
922
273
0.38615894317626953
928
272
0.3856685161590576
923
276
0.6173434257507324
928
272
0.13238167762756348
922
269
0.6255772113800049
48
782
0.8264250755310059
927
269
0.4328014850616455
932
274
1.3340206146240234
924
274
0.4752492904663086
930
270
0.46195220947265625
924
274
0.43166279792785645
928
275
0.40943193435668945
926
271
0.9603166580200195
923
270
0.13238167762756348
924
272
0.3573431968688965
927
269
0.43166279792785645
923
270
0.43927955627441406
930
275
0.4240550994873047
924
275
2.6455860137939453
933
272
0.3638589382171631
925
272
0.4240550994873047
922
272
0.38615894317626953
928
276
0.8264250755310059
926
277
0.2739896774291992
923
276
0.3643496036529541
927
269
0.45458984375
926
265
0.3638589382171631
922
271
0.37211155891418457
928
272
0.3782157897949219
927
265
0.42315244674682617
925
274
0.2977273464202881
922
269
0.40943193435668945
923
276
0.6548733711242676
928
273
0.341691255569458
925
274
0.6548733711242676
924
275
0.4309267997741699
925
272
0.4097447395324707
923
270
0.529634952545166
926
269
0.40943193435668945
928
273
0.45369696617126465
926
269
0.15516185760498047
932
274
0.46885251998901367
927
269
0.8591568470001221
930
270
0.4545266628265381
923
276
0.43958234786987305
923
276
0.43958234786987305
933
272
0.3926103115081787
926
277
3.4369919300079346
930
275
0.446946382522583
922
272
0.4824867248535156
933
272
0.43166518211364746
927
271
0.43166518211364746
925
274
0.2977273464202881
922
273
0.3926103115081787
923
270
0.40911436080932617
925
273
0.32024121284484863
926
272
0.9603166580200195
924
275
0.49155640602111816
926
271
0.8591568470001221
925
274
0.4238698482513428
914
271
2.6455860137939453
929
272
0.4597644805908203
926
277
0.2739896774291992
928
278
0.9018476009368896
914
271
0.38615894317626953
926
269
0.4536306858062744
924
271
1.042797327041626
924
268
0.5284450054168701
926
272
0.42315244674682617
922
269
1.9755923748016357
927
265
0.6255772113800049
924
272
0.46885251998901367
926
269
0.3573431968688965
932
274
0.341691255569458
922
269
0.9018476009368896
928
272
3.4369919300079346
928
276
0.589343786239624
924
274
0.589343786239624
924
275
0.589343786239624
926
271
0.2977273464202881
925
274
0.3856685161590576
922
271
0.45369696617126465
925
273
0.45369696617126465
930
270
1.4673373699188232
922
272
0.7298696041107178
928
273
0.38615894317626953
923
276
0.4249236583709717
924
274
0.4545266628265381
927
265
0.4612765312194824
926
265
0.9018476009368896
924
272
0.40911436080932617
933
272
0.37211155891418457
933
272
0.47582054138183594
925
273
0.3782157897949219
926
277
0.43958234786987305
924
272
0.4180276393890381
922
272
0.9018476009368896
923
276
0.4752492904663086
922
273
0.3573431968688965
929
272
0.47582054138183594
930
270
0.9603166580200195
928
272
1.9755923748016357
926
271
0.529634952545166
48
782
2.6455860137939453
922
273
0.42315244674682617
922
271
0.35660862922668457
926
265
0.4391458034515381
923
276
0.3638589382171631
924
275
0.4238698482513428
925
274
0.3510279655456543
920
269
1.3340206146240234
926
271
2.6455860137939453
923
270
1.9755923748016357
924
275
0.8933682441711426
48
782
0.5268456935882568
929
272
0.4309267997741699
926
269
0.47582054138183594
925
272
1.042797327041626
923
270
1.9755923748016357
926
272
0.5741868019104004
922
273
0.42315244674682617
922
273
1.4673373699188232
924
271
0.17014622688293457
926
271
0.3856685161590576
925
274
1.907926082611084
932
274
0.41591429710388184
928
275
0.529634952545166
932
274
0.2739896774291992
927
265
0.4612765312194824
928
275
0.6558566093444824
932
274
0.25925254821777344
914
271
0.46885251998901367
933
272
0.2977273464202881
926
265
0.446946382522583
922
273
0.47582054138183594
926
265
0.4545266628265381
922
272
0.40911436080932617
925
272
0.3856685161590576
923
276
0.46885251998901367
927
271
0.9603166580200195
927
265
0.43927955627441406
922
271
2.6455860137939453
922
273
0.425213098526001
928
276
0.31975221633911133
925
273
0.5807356834411621
48
782
0.46195220947265625
926
265
0.4391458034515381
932
274
0.341691255569458
924
275
0.5807356834411621
922
269
0.3926103115081787
924
274
0.3638589382171631
923
276
0.341691255569458
914
271
0.40987610816955566
928
273
0.4234652519226074
922
272
0.8264250755310059
932
274
0.4679262638092041
930
275
0.35660862922668457
928
276
0.38615894317626953
920
269
0.6047685146331787
922
273
0.13238167762756348
48
782
0.529634952545166
920
269
0.4685823917388916
924
271
2.1170706748962402
924
274
0.6255772113800049
926
277
0.43166518211364746
927
271
0.45369696617126465
926
269
2.6455860137939453
925
274
0.7298696041107178
926
269
0.4095759391784668
922
272
0.6173434257507324
924
271
0.49155640602111816
920
269
0.4824867248535156
927
271
0.6047685146331787
930
275
0.4328014850616455
922
269
0.45458984375
924
268
0.4180276393890381
914
271
0.25925254821777344
926
272
0.6047685146331787
920
269
0.45458984375
914
271
0.40911436080932617
924
275
0.4612765312194824
923
276
0.4328014850616455
925
273
0.6694481372833252
920
269
1.3340206146240234
923
276
0.2739896774291992
926
272
0.4612765312194824
923
270
0.37211155891418457
928
273
0.4095759391784668
924
271
0.4536306858062744
930
270
3.4369919300079346
922
273
0.47582054138183594
924
274
0.46195220947265625
925
274
0.5741868019104004
914
271
0.6548733711242676
926
271
0.4095759391784668
925
272
0.33525538444519043
928
276
0.8933682441711426
927
265
0.45369696617126465
924
275
0.425213098526001
928
278
0.47582054138183594
932
274
0.25925254821777344
930
275
0.4679262638092041
925
273
0.25925254821777344
928
275
0.43166279792785645
925
272
0.43166518211364746
922
269
0.6173434257507324
928
273
0.4391458034515381
933
272
0.4095571041107178
923
270
0.5284450054168701
926
265
0.4679262638092041
922
271
1.9755923748016357
929
272
0.40987610816955566
924
268
0.42357492446899414
924
275
0.5741868019104004
926
265
2.0717601776123047
920
269
0.47582054138183594
923
270
1.3340206146240234
927
269
0.25925254821777344
930
275
0.4903750419616699
928
278
0.4180276393890381
928
276
0.4180276393890381
926
269
0.4309267997741699
928
272
0.6173434257507324
932
274
0.4545266628265381
923
276
0.529634952545166
928
272
0.4597644805908203
922
271
0.4095759391784668
924
268
0.6047685146331787
928
275
0.40987610816955566
922
272
1.288964033126831
927
269
0.446946382522583
930
275
0.4545266628265381
927
265
0.46195220947265625
926
272
0.5284450054168701
926
277
0.2977273464202881
932
274
0.9603166580200195
933
272
0.8706037998199463
933
272
0.4612765312194824
924
268
0.40987610816955566
920
269
0.15516185760498047
923
276
0.47582054138183594
927
269
0.9603166580200195
926
271
0.8706037998199463
928
275
0.43166279792785645
922
272
0.8591568470001221
927
271
0.43958234786987305
926
271
0.49155640602111816
926
277
0.31975221633911133
926
265
0.4903750419616699
924
272
0.2977273464202881
929
272
0.43122220039367676
922
272
0.15516185760498047
923
276
0.40943193435668945
48
782
0.4752492904663086
926
269
0.47582054138183594
930
270
0.31975221633911133
926
271
0.4234652519226074
927
265
0.5807356834411621
928
276
0.37211155891418457
922
269
0.6694481372833252
930
270
0.7298696041107178
926
265
0.4097447395324707
921
273
0.43122220039367676
926
277
0.4240000247955322
925
273
0.4391458034515381
927
265
0.4328014850616455
923
270
0.4612765312194824
924
272
1.907926082611084
922
269
0.8264250755310059
927
271
0.2739896774291992
48
782
1.288964033126831
928
278
0.46195220947265625
928
276
0.6997816562652588
928
278
0.9603166580200195
926
265
0.589343786239624
924
271
0.4612765312194824
922
273
0.43927955627441406
928
275
0.3643496036529541
