811
225
2.101827383041382
811
225
0.35134100914001465
826
225
0.349928617477417
822
217
0.28287649154663086
810
217
0.2841372489929199
810
223
0.2386925220489502
820
223
0.22874832153320312
825
223
0.3136453628540039
811
224
0.23773193359375
818
225
0.46883583068847656
820
224
0.21596145629882812
820
222
0.2230989933013916
811
223
0.27640819549560547
810
227
0.22263860702514648
810
228
0.29158639907836914
823
226
0.2676668167114258
823
219
0.2543468475341797
815
219
0.20116329193115234
806
223
0.26784300804138184
806
228
0.23082423210144043
806
232
0.2905149459838867
805
224
0.21548843383789062
806
216
0.20854854583740234
817
220
0.2388594150543213
825
220
0.21555137634277344
826
223
0.22194266319274902
826
225
0.25313615798950195
832
225
0.30504631996154785
832
225
0.19437551498413086
820
222
0.1489119529724121
813
222
0.28303027153015137
812
225
0.11724162101745605
809
225
0.13397979736328125
805
225
0.23789143562316895
805
228
0.2238633632659912
803
228
0.1931300163269043
798
216
0.4244043827056885
807
214
0.2899038791656494
816
216
0.3281247615814209
824
219
0.3356499671936035
824
225
0.3040339946746826
820
227
0.2898828983306885
810
227
0.32773470878601074
806
228
0.2974390983581543
799
218
0.34296655654907227
812
218
0.33531880378723145
815
218
0.36541175842285156
815
219
0.43256258964538574
825
221
0.4775991439819336
825
228
0.45373964309692383
828
228
0.40259885787963867
819
228
0.4768993854522705
814
236
0.46205973625183105
801
234
0.46260976791381836
802
225
0.42380285263061523
814
224
0.49951839447021484
822
224
0.43743419647216797
829
220
0.424821138381958
818
224
0.4620070457458496
812
227
0.4628586769104004
811
227
0.4170372486114502
809
228
0.4550607204437256
824
227
0.4404900074005127
824
226
0.4097411632537842
811
226
0.4178497791290283
810
226
0.4248077869415283
821
225
0.3941037654876709
821
225
0.36464452743530273
