928
278
1.9755923748016357
928
273
0.4545266628265381
921
273
0.40987610816955566
928
273
0.41591429710388184
925
272
0.529634952545166
930
270
0.4238698482513428
926
269
0.47582054138183594
924
272
0.49155640602111816
933
272
0.4240550994873047
928
272
0.446946382522583
927
271
0.3510279655456543
927
271
0.37211155891418457
927
271
0.4597644805908203
927
271
0.6047685146331787
927
271
0.8591568470001221
927
271
0.6558566093444824
927
271
0.4679262638092041
927
271
0.4391458034515381
927
271
0.45369696617126465
927
271
0.46885251998901367
927
271
1.3340206146240234
927
271
0.3782157897949219
927
271
0.15516185760498047
927
271
0.589343786239624
927
271
0.4234652519226074
927
271
0.6997816562652588
927
271
0.3638589382171631
927
271
0.40943193435668945
927
271
0.8706037998199463
927
271
0.17014622688293457
927
271
0.9018476009368896
927
271
0.13238167762756348
927
271
0.4095759391784668
927
271
0.42315244674682617
927
271
0.5807356834411621
927
271
0.4240000247955322
927
271
0.45458984375
927
271
0.3926103115081787
927
271
0.43958234786987305
927
271
0.8786296844482422
927
271
0.4824867248535156
927
271
0.4095571041107178
927
271
1.4673373699188232
927
271
0.8332245349884033
927
271
0.7298696041107178
927
271
0.707421064376831
927
271
0.6173434257507324
927
271
1.042797327041626
927
271
0.6548733711242676
927
271
3.4369919300079346
927
271
0.6255772113800049
927
271
0.8933682441711426
927
271
2.0717601776123047
927
271
0.587634801864624
927
271
0.6694481372833252
927
271
0.5741868019104004
927
271
0.8264250755310059
927
271
1.288964033126831
927
271
2.6455860137939453
927
271
0.42357492446899414
927
271
0.43122220039367676
927
271
2.1170706748962402
927
271
0.4903750419616699
927
271
0.9603166580200195
927
271
0.6022369861602783
927
271
0.4685823917388916
914
271
0.5268456935882568
922
271
0.46195220947265625
925
274
0.3856685161590576
930
275
0.43927955627441406
926
265
0.4249236583709717
924
275
0.43166518211364746
928
275
0.32024121284484863
929
272
0.3573431968688965
920
269
0.341691255569458
922
269
0.33525538444519043
924
272
0.2739896774291992
932
274
0.31975221633911133
927
269
0.38615894317626953
927
269
0.2977273464202881
923
276
0.4612765312194824
926
277
0.4328014850616455
926
272
0.25925254821777344
923
270
0.4180276393890381
922
272
0.3643496036529541
928
276
0.4097447395324707
924
274
0.4309267997741699
922
273
0.425213098526001
925
273
0.4536306858062744
927
265
0.5284450054168701
927
271
0.4752492904663086
926
271
0.43166279792785645
924
271
0.35660862922668457
924
268
0.40911436080932617
48
782
1.907926082611084
