653
192
3.1910934448242188
653
192
0.34193897247314453
641
192
0.28113889694213867
659
194
0.3561851978302002
659
190
0.25362682342529297
648
188
0.34214258193969727
647
195
0.2681427001953125
654
198
0.32690882682800293
658
198
0.3511216640472412
658
191
0.3264431953430176
653
190
0.274524450302124
651
194
0.32763075828552246
651
199
0.3276679515838623
659
199
0.2974705696105957
659
193
0.3562443256378174
657
190
0.30466556549072266
652
190
0.261077880859375
652
197
0.2742476463317871
654
199
0.28326845169067383
659
199
0.36376404762268066
659
195
0.25247788429260254
653
192
0.304842472076416
653
192
0.2752878665924072
648
194
0.39551305770874023
643
194
0.32046961784362793
657
194
0.49898552894592285
657
194
0.2531871795654297
650
185
0.4076211452484131
652
191
0.3710341453552246
652
194
0.3865528106689453
660
194
0.44006967544555664
661
188
0.4911215305328369
654
194
0.565861701965332
653
207
2.272954225540161
653
196
0.5581414699554443
661
203
0.5356204509735107
661
195
0.5069916248321533
652
191
0.5647783279418945
644
196
0.5594737529754639
653
193
0.5355868339538574
653
188
0.5287349224090576
661
188
0.520148754119873
655
199
0.5128660202026367
655
194
0.5575499534606934
655
200
0.5428299903869629
648
200
0.4627804756164551
652
196
0.4088921546936035
657
196
0.4681129455566406
663
195
0.36492419242858887
653
195
0.3802828788757324
652
195
0.371290922164917
652
195
0.4007408618927002
652
195
0.356795072555542
652
194
0.4004185199737549
652
193
0.364459753036499
652
193
0.35624027252197266
